0 0 0 1;
0 0 0 1;
0 0 0 1;
0 0 0 1;
0 0 0 1;
0 0 0 1;
0 0 0 1;
0 0 0 1;
0 0 0 1;
0 0 0 1;
0 0 0 1;
0 0 0 1;
0 0 0 1;
0 0 0 1;
0 0 0 1;
0 0 0 1;
0 0 0 1;
0 0 0 1;
0 0 0 1;
0 0 0 1;
0 0 0 1;
0 0 0 1;
0 0 0 1;
0 0 0 1;
0 0 0 1;
0 0 0 1;
0 0 0 1;
0 0 0 1;
0 0 0 1;
0 0 0 1;
0 0 0 1;
0 0 0 1;
0 0 0 1;
0 0 0 1;
0 0 0 1;
0 0 0 1;
0 0 0 1;
0 0 0 1;
0 0 0 1;
0 0 0 1;
0 0 0 1;
0 0 0 1;
0 0 0 1;
0 0 0 1;
0 0 0 1;
0 0 0 1;
0 0 0 1;
0 0 0 1;
0 0 0 1;
0 0 0 1;
0 0 0 1;
0 0 0 1;
0 0 0 1;
0 0 0 1;
0 0 0 1;
0 0 0 1;
0 0 0 1;
0 0 0 1;
0 0 0 1;
0 0 0 1;
0 0 0 1;
0 0 0 1;
0 0 0 1;
0 0 0 1;
0 0 0 1;
0 0 0 1;
0 0 0 1;
0 0 0 1;
0 0 0 1;
0 0 0 1;
0 0 0 1;
0 0 0 1;
0 0 0 1;
0 0 0 1;
0 0 0 1;
0 0 0 1;
0 0 0 1;
0 0 0 1;
0 0 0 1;
0 0 0 1;
0 0 0 1;
0 0 0 1;
0 0 0 1;
0 0 0 1;
0.00392157 0.00392157 0.00392157 1;
0.00392157 0.00392157 0.00392157 1;
0.00392157 0.00392157 0.00392157 1;
0.00392157 0.00392157 0.00392157 1;
0.00392157 0.00392157 0.00392157 1;
0.00392157 0.00392157 0.00392157 1;
0.00392157 0.00392157 0.00392157 1;
0.00392157 0.00392157 0.00392157 1;
0.00392157 0.00392157 0.00392157 1;
0.00392157 0.00392157 0.00392157 1;
0.00392157 0.00392157 0.00392157 1;
0.00392157 0.00392157 0.00392157 1;
0.00392157 0.00392157 0.00392157 1;
0.00392157 0.00392157 0.00392157 1;
0.00392157 0.00392157 0.00392157 1;
0.00392157 0.00392157 0.00392157 1;
0.00392157 0.00392157 0.00392157 1;
0.00392157 0.00392157 0.00392157 1;
0.00392157 0.00392157 0.00392157 1;
0.00784314 0.00784314 0.00784314 1;
0.00784314 0.00784314 0.00784314 1;
0.00784314 0.00784314 0.00784314 1;
0.0117647 0.0117647 0.0117647 1;
0.0117647 0.0117647 0.0117647 1;
0.0117647 0.0117647 0.0117647 1;
0.0117647 0.0117647 0.0117647 1;
0.0117647 0.0117647 0.0117647 1;
0.0117647 0.0117647 0.0117647 1;
0.0117647 0.0117647 0.0117647 1;
0.0117647 0.0117647 0.0117647 1;
0.0117647 0.0117647 0.0117647 1;
0.0117647 0.0117647 0.0117647 1;
0.0156863 0.0156863 0.0156863 1;
0.0156863 0.0156863 0.0156863 1;
0.0156863 0.0156863 0.0156863 1;
0.0156863 0.0156863 0.0156863 1;
0.0156863 0.0156863 0.0156863 1;
0.0156863 0.0156863 0.0156863 1;
0.0156863 0.0156863 0.0156863 1;
0.0156863 0.0156863 0.0156863 1;
0.0156863 0.0156863 0.0156863 1;
0.0156863 0.0156863 0.0156863 1;
0.0156863 0.0156863 0.0156863 1;
0.0156863 0.0156863 0.0156863 1;
0.0156863 0.0156863 0.0156863 1;
0.0156863 0.0156863 0.0156863 1;
0.0156863 0.0156863 0.0156863 1;
0.0156863 0.0156863 0.0156863 1;
0.0117647 0.0117647 0.0117647 1;
0.0117647 0.0117647 0.0117647 1;
0.0117647 0.0117647 0.0117647 1;
0.0117647 0.0117647 0.0117647 1;
0.0117647 0.0117647 0.0117647 1;
0.0117647 0.0117647 0.0117647 1;
0.0117647 0.0117647 0.0117647 1;
0.0117647 0.0117647 0.0117647 1;
0.0117647 0.0117647 0.0117647 1;
0.0117647 0.0117647 0.0117647 1;
0.0117647 0.0117647 0.0117647 1;
0.0117647 0.0117647 0.0117647 1;
0.0117647 0.0117647 0.0117647 1;
0.0117647 0.0117647 0.0117647 1;
0.0117647 0.0117647 0.0117647 1;
0.0117546 0.0117546 0.0117546 1;
0.00784314 0.00784314 0.00784314 1;
0.00784314 0.00784314 0.00784314 1;
0.00784314 0.00784314 0.00784314 1;
0.00784314 0.00784314 0.00784314 1;
0.00392157 0.00392157 0.00392157 1;
0.00392157 0.00392157 0.00392157 1;
0.00392157 0.00392157 0.00392157 1;
0.00392157 0.00392157 0.00392157 1;
0.00392157 0.00392157 0.00392157 1;
0.00392157 0.00392157 0.00392157 1;
0.00392157 0.00392157 0.00392157 1;
0.00392157 0.00392157 0.00392157 1;
0.00392157 0.00392157 0.00392157 1;
0.00392157 0.00392157 0.00392157 1;
0.00392157 0.00392157 0.00392157 1;
0.00392157 0.00392157 0.00392157 1;
0.00392157 0.00392157 0.00392157 1;
0.00392157 0.00392157 0.00392157 1;
0 0 0 1;
0 0 0 1;
0 0 0 1;
0 0 0 1;
0 0 0 1;
0 0 0 1;
0 0 0 1;
0 0 0 1;
0 0 0 1;
0 0 0 1;
0 0 0 1;
0 0 0 1;
0 0 0 1;
0 0 0 1;
0 0 0 1;
0 0 0 1;
0 0 0 1;
0 0 0 1;
0 0 0 1;
0 0 0 1;
0 0 0 1;
0 0 0 1;
0 0 0 1;
0 0 0 1;
0 0 0 1;
0 0 0 1;
0.00392157 0.00392157 0.00392157 1;
0.00392157 0.00392157 0.00392157 1;
0.00392157 0.00392157 0.00392157 1;
0.00392157 0.00392157 0.00392157 1;
0.00392157 0.00392157 0.00392157 1;
0.00392157 0.00392157 0.00392157 1;
0.00392157 0.00392157 0.00392157 1;
0.00392157 0.00392157 0.00392157 1;
0.00392157 0.00392157 0.00392157 1;
0.00392157 0.00392157 0.00392157 1;
0.00784314 0.00784314 0.00784314 1;
0.00784314 0.00784314 0.00784314 1;
0.0117647 0.0117647 0.0117647 1;
0.0117647 0.0117647 0.0117647 1;
0.0117647 0.0117647 0.0117647 1;
0.0117647 0.0117647 0.0117647 1;
0.0117647 0.0117647 0.0117647 1;
0.0156863 0.0156863 0.0156863 1;
0.0156863 0.0156863 0.0156863 1;
0.0156863 0.0156863 0.0156863 1;
0.0156863 0.0156863 0.0117647 1;
0.0156863 0.0156863 0.0117647 1;
0.0235294 0.0156863 0.0156863 1;
0.0235294 0.0156863 0.0156863 1;
0.0235294 0.0156863 0.0156863 1;
0.027451 0.0196078 0.0156863 1;
0.027451 0.0196078 0.0156863 1;
0.027451 0.0196078 0.0156863 1;
0.027451 0.0235294 0.0196078 1;
0.027451 0.0235294 0.0196078 1;
0.0313725 0.027451 0.0235294 1;
0.0313725 0.027451 0.0235294 1;
0.0352941 0.027451 0.027451 1;
0.0352941 0.027451 0.027451 1;
0.0352941 0.027451 0.027451 1;
0.0392157 0.0352941 0.0313725 1;
0.0392157 0.0352941 0.0313725 1;
0.0392157 0.0352941 0.0313725 1;
0.0431373 0.0392157 0.0352941 1;
0.0431373 0.0392157 0.0352941 1;
0.0431373 0.0392157 0.0352941 1;
0.0431373 0.0392157 0.0352941 1;
0.0470588 0.0392157 0.0392157 1;
0.0470588 0.0392157 0.0392157 1;
0.050971 0.0431279 0.0392164 1;
0.0509804 0.0431373 0.0392157 1;
0.0509804 0.0431373 0.0392157 1;
0.0509804 0.0431373 0.0392157 1;
0.0509804 0.0431373 0.0392157 1;
0.0509804 0.0431373 0.0392157 1;
0.0548926 0.0470494 0.0431279 1;
0.0509804 0.0431373 0.0392157 1;
0.0509804 0.0431373 0.0392157 1;
0.0509804 0.0431373 0.0392157 1;
0.0470588 0.0392157 0.0392157 1;
0.0470588 0.0392157 0.0392157 1;
0.0470588 0.0392157 0.0392157 1;
0.0470588 0.0392157 0.0392157 1;
0.0470588 0.0392157 0.0392157 1;
0.0431373 0.0392157 0.0352941 1;
0.0431373 0.0392157 0.0352941 1;
0.0431373 0.0392157 0.0352941 1;
0.0431373 0.0392157 0.0352941 1;
0.0431288 0.0392059 0.0352857 1;
0.0431373 0.0392157 0.0352941 1;
0.0392157 0.0352941 0.0313725 1;
0.0392157 0.0352941 0.0313725 1;
0.0392157 0.0313725 0.027451 1;
0.0392059 0.0313641 0.0274523 1;
0.0352941 0.027451 0.027451 1;
0.0313725 0.027451 0.0235294 1;
0.0313725 0.027451 0.0235294 1;
0.0313725 0.027451 0.0235294 1;
0.027451 0.0235294 0.0196078 1;
0.027451 0.0235294 0.0196078 1;
0.027451 0.0196078 0.0156863 1;
0.027451 0.0196078 0.0156863 1;
0.027451 0.0196078 0.0156863 1;
0.027451 0.0196078 0.0156863 1;
0.0235294 0.0156863 0.0156863 1;
0.0156863 0.0156863 0.0117647 1;
0.0156863 0.0156863 0.0117647 1;
0.0156863 0.0156863 0.0156863 1;
0.0156863 0.0156863 0.0156863 1;
0.0156863 0.0156863 0.0156863 1;
0.0156863 0.0156863 0.0156863 1;
0.0117647 0.0117647 0.0117647 1;
0.0117647 0.0117647 0.0117647 1;
0.0117647 0.0117647 0.0117647 1;
0.0117647 0.0117647 0.0117647 1;
0.00784314 0.00784314 0.00784314 1;
0.00784314 0.00784314 0.00784314 1;
0.00392157 0.00392157 0.00392157 1;
0.00392157 0.00392157 0.00392157 1;
0.00392157 0.00392157 0.00392157 1;
0.00392157 0.00392157 0.00392157 1;
0.00392157 0.00392157 0.00392157 1;
0.00392157 0.00392157 0.00392157 1;
0.00392157 0.00392157 0.00392157 1;
0 0 0 1;
0 0 0 1;
0 0 0 1;
0 0 0 1;
0 0 0 1;
0 0 0 1;
0 0 0 1;
0 0 0 1;
0 0 0 1;
0 0 0 1;
0 0 0 1;
0 0 0 1;
0 0 0 1;
0 0 0 1;
0 0 0 1;
0 0 0 1;
0 0 0 1;
0.00392157 0.00392157 0.00392157 1;
0.00392157 0.00392157 0.00392157 1;
0.00392157 0.00392157 0.00392157 1;
0.00392157 0.00392157 0.00392157 1;
0.00392157 0.00392157 0.00392157 1;
0.00392157 0.00392157 0.00392157 1;
0.00392157 0.00392157 0.00392157 1;
0.00784314 0.00784314 0.00784314 1;
0.00784314 0.00784314 0.00784314 1;
0.0117647 0.0117647 0.0117647 1;
0.0117647 0.0117647 0.0117647 1;
0.0117647 0.0117647 0.0117647 1;
0.0156863 0.0156863 0.0156863 1;
0.0156863 0.0156863 0.0156863 1;
0.0156863 0.0156863 0.0117647 1;
0.0156863 0.0156863 0.0117647 1;
0.0235294 0.0156863 0.0156863 1;
0.027451 0.0196078 0.0156863 1;
0.027451 0.0196078 0.0156863 1;
0.027451 0.0235294 0.0196078 1;
0.0313725 0.027451 0.0235294 1;
0.0313725 0.027451 0.0235294 1;
0.0352941 0.027451 0.027451 1;
0.0392157 0.0352941 0.0313725 1;
0.0392157 0.0352941 0.0313725 1;
0.0431373 0.0392157 0.0352941 1;
0.0431373 0.0392157 0.0352941 1;
0.0470588 0.0392157 0.0392157 1;
0.0509804 0.0431373 0.0392157 1;
0.054902 0.0470588 0.0431373 1;
0.0588235 0.0509804 0.0470588 1;
0.0588235 0.054902 0.0509804 1;
0.0588235 0.054902 0.0509804 1;
0.0627357 0.0588134 0.0548926 1;
0.0627451 0.0588235 0.054902 1;
0.0666667 0.0627451 0.054902 1;
0.0745098 0.0705882 0.0588235 1;
0.078422 0.0745004 0.0627357 1;
0.0784314 0.0745098 0.0627451 1;
0.0784314 0.0745098 0.0627451 1;
0.0823529 0.0784314 0.0666667 1;
0.0823529 0.0784314 0.0666667 1;
0.0862745 0.0823529 0.0705882 1;
0.0862758 0.0862648 0.0745014 1;
0.0862745 0.0862745 0.0745098 1;
0.0901961 0.0862745 0.0784314 1;
0.0901961 0.0862745 0.0784314 1;
0.0941176 0.0901961 0.0823529 1;
0.0941176 0.0901961 0.0823529 1;
0.101951 0.0980298 0.0862753 1;
0.101961 0.0980392 0.0862745 1;
0.101961 0.0980392 0.0862745 1;
0.101961 0.0980392 0.0862745 1;
0.101961 0.0980392 0.0862745 1;
0.0980392 0.0941176 0.0862745 1;
0.101961 0.0980392 0.0862745 1;
0.0980392 0.0941176 0.0862745 1;
0.0980392 0.0941176 0.0862745 1;
0.0941176 0.0901961 0.0823529 1;
0.0901961 0.0862745 0.0784314 1;
0.0901961 0.0862745 0.0784314 1;
0.0862745 0.0862745 0.0745098 1;
0.0862745 0.0862745 0.0745098 1;
0.0862758 0.0862648 0.0745014 1;
0.0862745 0.0823529 0.0705882 1;
0.0862745 0.0823529 0.0705882 1;
0.0823529 0.0784314 0.0666667 1;
0.0784314 0.0745098 0.0627451 1;
0.0784314 0.0745098 0.0627451 1;
0.0784314 0.0745098 0.0627451 1;
0.0745098 0.0705882 0.0588235 1;
0.0745014 0.0705798 0.0588249 1;
0.0666667 0.0627451 0.054902 1;
0.0627451 0.0588235 0.054902 1;
0.0627357 0.0588134 0.0548926 1;
0.0588235 0.054902 0.0509804 1;
0.0588235 0.054902 0.0509804 1;
0.0588235 0.0509804 0.0470588 1;
0.054902 0.0470588 0.0431373 1;
0.0509804 0.0431373 0.0392157 1;
0.0470588 0.0392157 0.0392157 1;
0.0431373 0.0392157 0.0352941 1;
0.0431373 0.0392157 0.0352941 1;
0.0431373 0.0392157 0.0352941 1;
0.0392157 0.0313725 0.027451 1;
0.0352941 0.027451 0.027451 1;
0.0313725 0.027451 0.0235294 1;
0.0313725 0.027451 0.0235294 1;
0.027451 0.0235294 0.0196078 1;
0.027451 0.0196078 0.0156863 1;
0.027451 0.0196078 0.0156863 1;
0.0235294 0.0156863 0.0156863 1;
0.0156863 0.0156863 0.0117647 1;
0.0156863 0.0156863 0.0156863 1;
0.0156863 0.0156863 0.0156863 1;
0.0156863 0.0156863 0.0156863 1;
0.0117647 0.0117647 0.0117647 1;
0.0117647 0.0117647 0.0117647 1;
0.00784314 0.00784314 0.00784314 1;
0.00784314 0.00784314 0.00784314 1;
0.00392157 0.00392157 0.00392157 1;
0.00392157 0.00392157 0.00392157 1;
0.00392157 0.00392157 0.00392157 1;
0.00392157 0.00392157 0.00392157 1;
0.00392157 0.00392157 0.00392157 1;
0 0 0 1;
0 0 0 1;
0 0 0 1;
0 0 0 1;
0 0 0 1;
0 0 0 1;
0 0 0 1;
0 0 0 1;
0 0 0 1;
0 0 0 1;
0 0 0 1;
0 0 0 1;
0 0 0 1;
0 0 0 1;
0.00392157 0.00392157 0.00392157 1;
0.00392157 0.00392157 0.00392157 1;
0.00392157 0.00392157 0.00392157 1;
0.00392157 0.00392157 0.00392157 1;
0.00392157 0.00392157 0.00392157 1;
0.00784314 0.00784314 0.00784314 1;
0.0117647 0.0117647 0.0117647 1;
0.0117647 0.0117647 0.0117647 1;
0.0156863 0.0156863 0.0156863 1;
0.0156863 0.0156863 0.0156863 1;
0.0156863 0.0156863 0.0156863 1;
0.0156863 0.0156863 0.0117647 1;
0.0235294 0.0156863 0.0156863 1;
0.027451 0.0196078 0.0156863 1;
0.027451 0.0235294 0.0196078 1;
0.0313725 0.027451 0.0235294 1;
0.0352941 0.027451 0.027451 1;
0.0392157 0.0313725 0.027451 1;
0.0392157 0.0352941 0.0313725 1;
0.0431373 0.0392157 0.0352941 1;
0.0470588 0.0392157 0.0392157 1;
0.0509804 0.0431373 0.0392157 1;
0.0588235 0.0509804 0.0470588 1;
0.0588235 0.054902 0.0509804 1;
0.0588235 0.054902 0.0509804 1;
0.0666582 0.0627308 0.0549044 1;
0.0705882 0.0666667 0.0588235 1;
0.078422 0.0745004 0.0627357 1;
0.0784314 0.0745098 0.0627451 1;
0.0823529 0.0784314 0.0666667 1;
0.0862745 0.0823529 0.0705882 1;
0.0862745 0.0862745 0.0745098 1;
0.0901961 0.0862745 0.0784314 1;
0.0980392 0.0941176 0.0862745 1;
0.101961 0.0980392 0.0862745 1;
0.105882 0.101961 0.0901961 1;
0.109804 0.105882 0.0941176 1;
0.113725 0.109804 0.0980392 1;
0.117647 0.113725 0.101961 1;
0.12549 0.121569 0.101961 1;
0.12549 0.121569 0.101961 1;
0.129412 0.12549 0.105882 1;
0.133333 0.129412 0.109804 1;
0.137255 0.133333 0.113725 1;
0.141176 0.137255 0.117647 1;
0.145098 0.141176 0.121569 1;
0.156853 0.145089 0.125481 1;
0.156863 0.145098 0.12549 1;
0.160784 0.14902 0.129412 1;
0.164706 0.152941 0.133333 1;
0.164706 0.152941 0.133333 1;
0.164706 0.152941 0.12549 1;
0.168627 0.156863 0.129412 1;
0.168627 0.156863 0.129412 1;
0.168618 0.156853 0.129402 1;
0.164706 0.152941 0.12549 1;
0.164706 0.152941 0.133333 1;
0.160784 0.14902 0.129412 1;
0.160784 0.14902 0.129412 1;
0.160784 0.14902 0.129412 1;
0.156863 0.145098 0.12549 1;
0.152941 0.141176 0.121569 1;
0.145098 0.141176 0.121569 1;
0.141176 0.137255 0.117647 1;
0.137255 0.133333 0.113725 1;
0.137246 0.133325 0.113717 1;
0.133324 0.129402 0.109795 1;
0.12549 0.121569 0.101961 1;
0.12549 0.121569 0.101961 1;
0.12156 0.117639 0.0980526 1;
0.113725 0.109804 0.0980392 1;
0.109804 0.105882 0.0941176 1;
0.109795 0.105873 0.0941083 1;
0.105882 0.101961 0.0901961 1;
0.101951 0.0980298 0.0862753 1;
0.0941176 0.0901961 0.0823529 1;
0.0901961 0.0862745 0.0784314 1;
0.0862745 0.0823529 0.0705882 1;
0.0862745 0.0823529 0.0705882 1;
0.0823529 0.0784314 0.0666667 1;
0.0784314 0.0745098 0.0627451 1;
0.0745098 0.0705882 0.0588235 1;
0.0705882 0.0666667 0.0588235 1;
0.0627451 0.0588235 0.054902 1;
0.0588235 0.054902 0.0509804 1;
0.0588235 0.054902 0.0509804 1;
0.054902 0.0470588 0.0431373 1;
0.0509804 0.0431373 0.0392157 1;
0.0470588 0.0392157 0.0392157 1;
0.0431373 0.0392157 0.0352941 1;
0.0392157 0.0352941 0.0313725 1;
0.0352941 0.027451 0.027451 1;
0.0313725 0.027451 0.0235294 1;
0.027451 0.0235294 0.0196078 1;
0.027451 0.0196078 0.0156863 1;
0.027451 0.0196078 0.0156863 1;
0.0156863 0.0156863 0.0117647 1;
0.0156863 0.0156863 0.0156863 1;
0.0156863 0.0156863 0.0156863 1;
0.0156863 0.0156863 0.0156863 1;
0.0117647 0.0117647 0.0117647 1;
0.00784314 0.00784314 0.00784314 1;
0.00784314 0.00784314 0.00784314 1;
0.00392157 0.00392157 0.00392157 1;
0.00392157 0.00392157 0.00392157 1;
0.00392157 0.00392157 0.00392157 1;
0.00392157 0.00392157 0.00392157 1;
0 0 0 1;
0 0 0 1;
0 0 0 1;
0 0 0 1;
0 0 0 1;
0 0 0 1;
0 0 0 1;
0 0 0 1;
0 0 0 1;
0 0 0 1;
0 0 0 1;
0 0 0 1;
0.00392157 0.00392157 0.00392157 1;
0.00392157 0.00392157 0.00392157 1;
0.00392157 0.00392157 0.00392157 1;
0.00392157 0.00392157 0.00392157 1;
0.00784314 0.00784314 0.00784314 1;
0.0117647 0.0117647 0.0117647 1;
0.0117647 0.0117647 0.0117647 1;
0.0156863 0.0156863 0.0156863 1;
0.0156863 0.0156863 0.0156863 1;
0.0156863 0.0156863 0.0117647 1;
0.027451 0.0196078 0.0156863 1;
0.027451 0.0196078 0.0156863 1;
0.027451 0.0235294 0.0196078 1;
0.0313725 0.027451 0.0235294 1;
0.0392157 0.0313725 0.027451 1;
0.0392157 0.0352941 0.0313725 1;
0.0431373 0.0392157 0.0352941 1;
0.0470588 0.0392157 0.0392157 1;
0.054902 0.0470588 0.0431373 1;
0.0588235 0.054902 0.0509804 1;
0.0588235 0.054902 0.0509804 1;
0.0666667 0.0627451 0.054902 1;
0.0745098 0.0705882 0.0588235 1;
0.0784314 0.0745098 0.0627451 1;
0.0823529 0.0784314 0.0666667 1;
0.0862745 0.0823529 0.0705882 1;
0.0901867 0.0862753 0.078422 1;
0.0980298 0.0941083 0.0862644 1;
0.105882 0.101961 0.0901961 1;
0.109795 0.105873 0.0941083 1;
0.113725 0.109804 0.0980392 1;
0.121569 0.117647 0.0980392 1;
0.12549 0.121569 0.101961 1;
0.129412 0.12549 0.105882 1;
0.137255 0.133333 0.113725 1;
0.145098 0.141176 0.121569 1;
0.156863 0.145098 0.12549 1;
0.164698 0.152933 0.133325 1;
0.164706 0.152941 0.12549 1;
0.168627 0.156863 0.129412 1;
0.176471 0.164706 0.137255 1;
0.180392 0.168627 0.141176 1;
0.176471 0.172549 0.145098 1;
0.184314 0.180392 0.152941 1;
0.188235 0.184314 0.156863 1;
0.192157 0.188235 0.160784 1;
0.20389 0.192147 0.164696 1;
0.207835 0.196069 0.168618 1;
0.215667 0.199991 0.17254 1;
0.2196 0.203914 0.176463 1;
0.223529 0.207843 0.180392 1;
0.223529 0.207843 0.180392 1;
0.227451 0.215686 0.184314 1;
0.227451 0.215686 0.184314 1;
0.227451 0.215686 0.184314 1;
0.223529 0.207843 0.180392 1;
0.223529 0.207843 0.180392 1;
0.22352 0.207835 0.180383 1;
0.22352 0.207835 0.180383 1;
0.2196 0.203914 0.176463 1;
0.215667 0.199991 0.17254 1;
0.203922 0.192157 0.164706 1;
0.192157 0.188235 0.160784 1;
0.192157 0.188235 0.160784 1;
0.188227 0.184305 0.156854 1;
0.184314 0.180392 0.152941 1;
0.180384 0.176462 0.149011 1;
0.184314 0.172549 0.145098 1;
0.180384 0.168619 0.141168 1;
0.172549 0.160784 0.133333 1;
0.164706 0.152941 0.12549 1;
0.164706 0.152941 0.133333 1;
0.156863 0.145098 0.12549 1;
0.152941 0.141176 0.121569 1;
0.141176 0.137255 0.117647 1;
0.133333 0.129412 0.109804 1;
0.129403 0.125482 0.105874 1;
0.12549 0.121569 0.101961 1;
0.117647 0.113725 0.101961 1;
0.109804 0.105882 0.0941176 1;
0.105882 0.101961 0.0901961 1;
0.101961 0.0980392 0.0862745 1;
0.0941176 0.0901961 0.0823529 1;
0.0862745 0.0862745 0.0745098 1;
0.0862745 0.0823529 0.0705882 1;
0.0823529 0.0784314 0.0666667 1;
0.0784314 0.0745098 0.0627451 1;
0.0705882 0.0666667 0.0588235 1;
0.0627451 0.0588235 0.054902 1;
0.0588235 0.054902 0.0509804 1;
0.0588235 0.0509804 0.0470588 1;
0.054902 0.0470588 0.0431373 1;
0.0470588 0.0392157 0.0392157 1;
0.0431373 0.0392157 0.0352941 1;
0.0392157 0.0313725 0.027451 1;
0.0352941 0.027451 0.027451 1;
0.0313725 0.027451 0.0235294 1;
0.027451 0.0196078 0.0156863 1;
0.027451 0.0196078 0.0156863 1;
0.0235294 0.0156863 0.0156863 1;
0.0156863 0.0156863 0.0156863 1;
0.0156863 0.0156863 0.0156863 1;
0.0117647 0.0117647 0.0117647 1;
0.0117647 0.0117647 0.0117647 1;
0.00784314 0.00784314 0.00784314 1;
0.00392157 0.00392157 0.00392157 1;
0.00392157 0.00392157 0.00392157 1;
0.00392157 0.00392157 0.00392157 1;
0.00392157 0.00392157 0.00392157 1;
0 0 0 1;
0 0 0 1;
0 0 0 1;
0 0 0 1;
0 0 0 1;
0 0 0 1;
0 0 0 1;
0 0 0 1;
0 0 0 1;
0 0 0 1;
0.00392157 0.00392157 0.00392157 1;
0.00392157 0.00392157 0.00392157 1;
0.00392157 0.00392157 0.00392157 1;
0.00392157 0.00392157 0.00392157 1;
0.00784314 0.00784314 0.00784314 1;
0.0117647 0.0117647 0.0117647 1;
0.0117647 0.0117647 0.0117647 1;
0.0156863 0.0156863 0.0156863 1;
0.0156863 0.0156863 0.0117647 1;
0.0235294 0.0156863 0.0156863 1;
0.027451 0.0196078 0.0156863 1;
0.027451 0.0235294 0.0196078 1;
0.0352941 0.027451 0.027451 1;
0.0392157 0.0313725 0.027451 1;
0.0431373 0.0392157 0.0352941 1;
0.0470588 0.0392157 0.0392157 1;
0.054902 0.0470588 0.0431373 1;
0.0588235 0.0509804 0.0470588 1;
0.0588235 0.054902 0.0509804 1;
0.0666667 0.0627451 0.054902 1;
0.0745098 0.0705882 0.0588235 1;
0.0784314 0.0745098 0.0627451 1;
0.0862745 0.0823529 0.0705882 1;
0.0862745 0.0862745 0.0745098 1;
0.0941176 0.0901961 0.0823529 1;
0.101961 0.0980392 0.0862745 1;
0.109804 0.105882 0.0941176 1;
0.117638 0.113716 0.101951 1;
0.125481 0.121559 0.101951 1;
0.129403 0.125482 0.105874 1;
0.137246 0.133325 0.113717 1;
0.145098 0.141176 0.121569 1;
0.160775 0.14901 0.129402 1;
0.164706 0.152941 0.133333 1;
0.168627 0.156863 0.129412 1;
0.176471 0.164706 0.137255 1;
0.184314 0.172549 0.145098 1;
0.180392 0.176471 0.14902 1;
0.188235 0.184314 0.156863 1;
0.192157 0.188235 0.160784 1;
0.207835 0.196069 0.168618 1;
0.219608 0.203922 0.176471 1;
0.223529 0.207843 0.180392 1;
0.231363 0.219598 0.188226 1;
0.231373 0.219608 0.188235 1;
0.239216 0.227451 0.196078 1;
0.243137 0.231373 0.2 1;
0.250972 0.243129 0.199992 1;
0.25098 0.243137 0.2 1;
0.254902 0.247059 0.203922 1;
0.262745 0.25098 0.207843 1;
0.270588 0.262745 0.219608 1;
0.27451 0.266667 0.223529 1;
0.278431 0.270588 0.227451 1;
0.278431 0.270588 0.227451 1;
0.278431 0.270588 0.227451 1;
0.27451 0.266667 0.223529 1;
0.270588 0.262745 0.219608 1;
0.266667 0.254902 0.215686 1;
0.262745 0.25098 0.207843 1;
0.254902 0.247059 0.203922 1;
0.25098 0.243137 0.2 1;
0.25098 0.243137 0.2 1;
0.247049 0.239195 0.196091 1;
0.239216 0.227451 0.196078 1;
0.235294 0.223529 0.192157 1;
0.231373 0.219608 0.188235 1;
0.223529 0.207843 0.180392 1;
0.22352 0.207835 0.180383 1;
0.215667 0.199991 0.17254 1;
0.203922 0.192157 0.164706 1;
0.192157 0.188235 0.160784 1;
0.184314 0.180392 0.152941 1;
0.180392 0.176471 0.14902 1;
0.184314 0.172549 0.145098 1;
0.176471 0.164706 0.137255 1;
0.168618 0.156853 0.129402 1;
0.164698 0.152933 0.133325 1;
0.152941 0.141176 0.121569 1;
0.145089 0.141167 0.121559 1;
0.137246 0.133325 0.113717 1;
0.12549 0.121569 0.101961 1;
0.121569 0.117647 0.0980392 1;
0.113725 0.109804 0.0980392 1;
0.105882 0.101961 0.0901961 1;
0.101961 0.0980392 0.0862745 1;
0.0941176 0.0901961 0.0823529 1;
0.0862745 0.0862745 0.0745098 1;
0.0862745 0.0823529 0.0705882 1;
0.0784314 0.0745098 0.0627451 1;
0.0745098 0.0705882 0.0588235 1;
0.0666667 0.0627451 0.054902 1;
0.0588235 0.054902 0.0509804 1;
0.0588235 0.0509804 0.0470588 1;
0.0509804 0.0431373 0.0392157 1;
0.0431373 0.0392157 0.0352941 1;
0.0392157 0.0352941 0.0313725 1;
0.0392157 0.0313725 0.027451 1;
0.0313725 0.027451 0.0235294 1;
0.027451 0.0235294 0.0196078 1;
0.027451 0.0196078 0.0156863 1;
0.0235294 0.0156863 0.0156863 1;
0.0156863 0.0156863 0.0156863 1;
0.0156863 0.0156863 0.0156863 1;
0.0117647 0.0117647 0.0117647 1;
0.0117647 0.0117647 0.0117647 1;
0.00392157 0.00392157 0.00392157 1;
0.00392157 0.00392157 0.00392157 1;
0.00392157 0.00392157 0.00392157 1;
0.00392157 0.00392157 0.00392157 1;
0 0 0 1;
0 0 0 1;
0 0 0 1;
0 0 0 1;
0 0 0 1;
0 0 0 1;
0 0 0 1;
0 0 0 1;
0 0 0 1;
0 0 0 1;
0.00392157 0.00392157 0.00392157 1;
0.00392157 0.00392157 0.00392157 1;
0.00392157 0.00392157 0.00392157 1;
0.00392157 0.00392157 0.00392157 1;
0.0117647 0.0117647 0.0117647 1;
0.0117647 0.0117647 0.0117647 1;
0.0156863 0.0156863 0.0156863 1;
0.0156863 0.0156863 0.0156863 1;
0.0235294 0.0156863 0.0156863 1;
0.027451 0.0196078 0.0156863 1;
0.027451 0.0235294 0.0196078 1;
0.0352941 0.027451 0.027451 1;
0.0392157 0.0313725 0.027451 1;
0.0431373 0.0392157 0.0352941 1;
0.0470588 0.0392157 0.0392157 1;
0.054902 0.0470588 0.0431373 1;
0.0588235 0.054902 0.0509804 1;
0.0627451 0.0588235 0.054902 1;
0.0705882 0.0666667 0.0588235 1;
0.0784314 0.0745098 0.0627451 1;
0.0862745 0.0823529 0.0705882 1;
0.0862745 0.0862745 0.0745098 1;
0.0941176 0.0901961 0.0823529 1;
0.101961 0.0980392 0.0862745 1;
0.109804 0.105882 0.0941176 1;
0.117647 0.113725 0.101961 1;
0.12549 0.121569 0.101961 1;
0.133324 0.129402 0.109795 1;
0.141176 0.137255 0.117647 1;
0.152941 0.141176 0.121569 1;
0.164698 0.152933 0.133325 1;
0.168627 0.156863 0.129412 1;
0.176471 0.164706 0.137255 1;
0.176492 0.172549 0.145098 1;
0.180392 0.176471 0.14902 1;
0.192147 0.188226 0.160775 1;
0.203922 0.192157 0.164706 1;
0.215686 0.2 0.172549 1;
0.223529 0.207843 0.180392 1;
0.227451 0.215686 0.184314 1;
0.231373 0.219608 0.188235 1;
0.239216 0.227451 0.196078 1;
0.247049 0.239195 0.196091 1;
0.25098 0.243137 0.2 1;
0.254902 0.247059 0.203922 1;
0.270588 0.262745 0.219608 1;
0.278422 0.270579 0.227442 1;
0.278431 0.270588 0.227451 1;
0.282353 0.27451 0.231373 1;
0.290189 0.282344 0.239207 1;
0.298039 0.286274 0.239216 1;
0.301961 0.282353 0.243137 1;
0.305874 0.286266 0.24705 1;
0.309804 0.290196 0.25098 1;
0.309804 0.290196 0.25098 1;
0.309804 0.290196 0.25098 1;
0.305874 0.286266 0.24705 1;
0.301961 0.282353 0.243137 1;
0.298039 0.286274 0.239216 1;
0.290189 0.282344 0.239207 1;
0.286265 0.278422 0.235285 1;
0.278431 0.270588 0.227451 1;
0.278422 0.270579 0.227442 1;
0.270588 0.262745 0.219608 1;
0.262745 0.25098 0.207843 1;
0.254902 0.247059 0.203922 1;
0.25098 0.243137 0.2 1;
0.243137 0.231373 0.2 1;
0.235294 0.223529 0.192157 1;
0.231373 0.219608 0.188235 1;
0.223529 0.207843 0.180392 1;
0.219608 0.203922 0.176471 1;
0.207843 0.196078 0.168627 1;
0.192157 0.188235 0.160784 1;
0.188227 0.184305 0.156854 1;
0.184304 0.180383 0.152932 1;
0.184314 0.172549 0.145098 1;
0.176471 0.164706 0.137255 1;
0.168618 0.156853 0.129402 1;
0.160784 0.14902 0.129412 1;
0.152941 0.141176 0.121569 1;
0.141176 0.137255 0.117647 1;
0.133324 0.129402 0.109795 1;
0.12549 0.121569 0.101961 1;
0.117647 0.113725 0.101961 1;
0.109804 0.105882 0.0941176 1;
0.101961 0.0980392 0.0862745 1;
0.0941176 0.0901961 0.0823529 1;
0.0862745 0.0862745 0.0745098 1;
0.0862745 0.0823529 0.0705882 1;
0.0784314 0.0745098 0.0627451 1;
0.0745098 0.0705882 0.0588235 1;
0.0627451 0.0588235 0.054902 1;
0.0588235 0.054902 0.0509804 1;
0.054902 0.0470588 0.0431373 1;
0.0470588 0.0392157 0.0392157 1;
0.0431373 0.0392157 0.0352941 1;
0.0392157 0.0313725 0.027451 1;
0.0352941 0.027451 0.027451 1;
0.027451 0.0235294 0.0196078 1;
0.027451 0.0196078 0.0156863 1;
0.0235294 0.0156863 0.0156863 1;
0.0156863 0.0156863 0.0117647 1;
0.0156863 0.0156863 0.0156863 1;
0.0117647 0.0117647 0.0117647 1;
0.0117647 0.0117647 0.0117647 1;
0.00784314 0.00784314 0.00784314 1;
0.00392157 0.00392157 0.00392157 1;
0.00392157 0.00392157 0.00392157 1;
0.00392157 0.00392157 0.00392157 1;
0.00392157 0.00392157 0.00392157 1;
0 0 0 1;
0 0 0 1;
0 0 0 1;
0 0 0 1;
0 0 0 1;
0 0 0 1;
0 0 0 1;
0 0 0 1;
0 0 0 1;
0.00392157 0.00392157 0.00392157 1;
0.00392157 0.00392157 0.00392157 1;
0.00392157 0.00392157 0.00392157 1;
0.00784314 0.00784314 0.00784314 1;
0.0117647 0.0117647 0.0117647 1;
0.0117647 0.0117647 0.0117647 1;
0.0156863 0.0156863 0.0156863 1;
0.0156863 0.0156863 0.0117647 1;
0.0235294 0.0156863 0.0156863 1;
0.027451 0.0196078 0.0156863 1;
0.027451 0.0235294 0.0196078 1;
0.0352941 0.027451 0.027451 1;
0.0392157 0.0352941 0.0313725 1;
0.0431373 0.0392157 0.0352941 1;
0.0509804 0.0431373 0.0392157 1;
0.0588235 0.0509804 0.0470588 1;
0.0588235 0.054902 0.0509804 1;
0.0666667 0.0627451 0.054902 1;
0.0745098 0.0705882 0.0588235 1;
0.0784314 0.0745098 0.0627451 1;
0.0862745 0.0823529 0.0705882 1;
0.0901961 0.0862745 0.0784314 1;
0.0980392 0.0941176 0.0862745 1;
0.105882 0.101961 0.0901961 1;
0.113725 0.109804 0.0980392 1;
0.121569 0.117647 0.0980392 1;
0.129412 0.12549 0.105882 1;
0.137246 0.133325 0.113717 1;
0.145098 0.141176 0.121569 1;
0.160775 0.14901 0.129402 1;
0.164706 0.152941 0.125512 1;
0.172549 0.160784 0.133333 1;
0.184304 0.17254 0.145089 1;
0.180384 0.176462 0.149011 1;
0.188235 0.184314 0.156863 1;
0.192157 0.188235 0.160784 1;
0.207835 0.196069 0.168618 1;
0.2196 0.203914 0.176463 1;
0.223529 0.207843 0.180392 1;
0.231363 0.219598 0.188226 1;
0.235286 0.223521 0.192148 1;
0.243129 0.231364 0.199992 1;
0.250972 0.243129 0.199992 1;
0.254893 0.247049 0.203912 1;
0.262745 0.25098 0.207843 1;
0.270588 0.262745 0.219608 1;
0.278422 0.270579 0.227442 1;
0.278431 0.270588 0.227451 1;
0.282353 0.27451 0.231373 1;
0.290189 0.282344 0.239207 1;
0.298039 0.286274 0.239216 1;
0.301961 0.282353 0.243137 1;
0.305882 0.286274 0.247059 1;
0.309804 0.290196 0.25098 1;
0.309804 0.290196 0.25098 1;
0.309804 0.290196 0.25098 1;
0.305874 0.286266 0.24705 1;
0.301961 0.282353 0.243137 1;
0.298039 0.286274 0.239216 1;
0.290189 0.282344 0.239207 1;
0.286265 0.278422 0.235285 1;
0.278431 0.270588 0.227451 1;
0.278422 0.270579 0.227442 1;
0.270588 0.262745 0.219608 1;
0.262745 0.25098 0.207843 1;
0.25098 0.243137 0.2 1;
0.247059 0.239216 0.196078 1;
0.239216 0.227451 0.196078 1;
0.231373 0.219608 0.188235 1;
0.227451 0.215686 0.184314 1;
0.223529 0.207843 0.180392 1;
0.2196 0.203914 0.176463 1;
0.203922 0.192157 0.164706 1;
0.192157 0.188235 0.160784 1;
0.184314 0.180392 0.152941 1;
0.176471 0.172549 0.145098 1;
0.180392 0.168627 0.141176 1;
0.172541 0.160776 0.133325 1;
0.164706 0.152941 0.133333 1;
0.156863 0.145098 0.12549 1;
0.145089 0.141167 0.121559 1;
0.137255 0.133333 0.113725 1;
0.129403 0.125482 0.105874 1;
0.121569 0.117647 0.0980392 1;
0.113725 0.109804 0.0980392 1;
0.105882 0.101961 0.0901961 1;
0.0980392 0.0941176 0.0862745 1;
0.0901961 0.0862745 0.0784314 1;
0.0862745 0.0823529 0.0705882 1;
0.0823529 0.0784314 0.0666667 1;
0.0745098 0.0705882 0.0588235 1;
0.0705882 0.0666667 0.0588235 1;
0.0588235 0.054902 0.0509804 1;
0.0588235 0.0509804 0.0470588 1;
0.054902 0.0470588 0.0431373 1;
0.0470588 0.0392157 0.0392157 1;
0.0431373 0.0392157 0.0352941 1;
0.0392157 0.0313725 0.027451 1;
0.0313725 0.027451 0.0235294 1;
0.027451 0.0235294 0.0196078 1;
0.027451 0.0196078 0.0156863 1;
0.0235294 0.0156863 0.0156863 1;
0.0156863 0.0156863 0.0156863 1;
0.0156863 0.0156863 0.0156863 1;
0.0117647 0.0117647 0.0117647 1;
0.0117647 0.0117647 0.0117647 1;
0.00392157 0.00392157 0.00392157 1;
0.00392157 0.00392157 0.00392157 1;
0.00392157 0.00392157 0.00392157 1;
0.00392157 0.00392157 0.00392157 1;
0 0 0 1;
0 0 0 1;
0 0 0 1;
0 0 0 1;
0 0 0 1;
0 0 0 1;
0 0 0 1;
0 0 0 1;
0 0 0 1;
0 0 0 1;
0.00392157 0.00392157 0.00392157 1;
0.00392157 0.00392157 0.00392157 1;
0.00392157 0.00392157 0.00392157 1;
0.00392157 0.00392157 0.00392157 1;
0.0117647 0.0117647 0.0117647 1;
0.0117647 0.0117647 0.0117647 1;
0.0156863 0.0156863 0.0156863 1;
0.0156863 0.0156863 0.0156863 1;
0.0235294 0.0156863 0.0156863 1;
0.027451 0.0196078 0.0156863 1;
0.027451 0.0235294 0.0196078 1;
0.0313725 0.027451 0.0235294 1;
0.0392157 0.0313725 0.027451 1;
0.0431373 0.0392157 0.0352941 1;
0.0431373 0.0392157 0.0352941 1;
0.054902 0.0470588 0.0431373 1;
0.0588235 0.0509804 0.0470588 1;
0.0588235 0.054902 0.0509804 1;
0.0666667 0.0627451 0.054902 1;
0.0745098 0.0705882 0.0588235 1;
0.0784314 0.0745098 0.0627451 1;
0.0862745 0.0823529 0.0705882 1;
0.0901961 0.0862745 0.0784314 1;
0.0980392 0.0941176 0.0862745 1;
0.105882 0.101961 0.0901961 1;
0.109804 0.105882 0.0941176 1;
0.117647 0.113725 0.101961 1;
0.12549 0.121569 0.101961 1;
0.129412 0.12549 0.105882 1;
0.141167 0.137246 0.117638 1;
0.152919 0.141176 0.121569 1;
0.160784 0.14902 0.129412 1;
0.164706 0.152941 0.12549 1;
0.172549 0.160784 0.133333 1;
0.180392 0.168627 0.141176 1;
0.176471 0.172549 0.145098 1;
0.184304 0.180383 0.152932 1;
0.192147 0.188226 0.160775 1;
0.20389 0.192147 0.164696 1;
0.207843 0.196078 0.168627 1;
0.219608 0.203922 0.176471 1;
0.223529 0.207843 0.180392 1;
0.231363 0.219598 0.188226 1;
0.235286 0.223521 0.192148 1;
0.239216 0.227451 0.196078 1;
0.247049 0.239195 0.196091 1;
0.25098 0.243137 0.2 1;
0.25098 0.243137 0.2 1;
0.254893 0.247049 0.203912 1;
0.262745 0.25098 0.207843 1;
0.266667 0.254902 0.215686 1;
0.270588 0.262745 0.219608 1;
0.27451 0.266667 0.223529 1;
0.278431 0.270588 0.227451 1;
0.278431 0.270588 0.227451 1;
0.278431 0.270588 0.227451 1;
0.27451 0.266667 0.223529 1;
0.270588 0.262745 0.219608 1;
0.262745 0.25098 0.207843 1;
0.254902 0.247059 0.203922 1;
0.25098 0.243137 0.2 1;
0.250972 0.243129 0.199992 1;
0.243137 0.231373 0.2 1;
0.239216 0.227451 0.196078 1;
0.235286 0.223521 0.192148 1;
0.231363 0.219598 0.188226 1;
0.223529 0.207843 0.180392 1;
0.22352 0.207835 0.180383 1;
0.207843 0.196078 0.168627 1;
0.192157 0.188235 0.160784 1;
0.192147 0.188226 0.160775 1;
0.184314 0.180392 0.152941 1;
0.176492 0.172549 0.145098 1;
0.180392 0.168627 0.141176 1;
0.172549 0.160784 0.133333 1;
0.164706 0.152941 0.12549 1;
0.160784 0.14902 0.129412 1;
0.152919 0.141176 0.121569 1;
0.141167 0.137246 0.117638 1;
0.129412 0.12549 0.105882 1;
0.12549 0.121569 0.101961 1;
0.117647 0.113725 0.101961 1;
0.109804 0.105882 0.0941176 1;
0.105882 0.101961 0.0901961 1;
0.101961 0.0980392 0.0862745 1;
0.0941176 0.0901961 0.0823529 1;
0.0862745 0.0823529 0.0705882 1;
0.0823529 0.0784314 0.0666667 1;
0.0784314 0.0745098 0.0627451 1;
0.0705882 0.0666667 0.0588235 1;
0.0627451 0.0588235 0.054902 1;
0.0588235 0.054902 0.0509804 1;
0.0588235 0.0509804 0.0470588 1;
0.0509804 0.0431373 0.0392157 1;
0.0431373 0.0392157 0.0352941 1;
0.0431373 0.0392157 0.0352941 1;
0.0392157 0.0313725 0.027451 1;
0.0313725 0.027451 0.0235294 1;
0.027451 0.0235294 0.0196078 1;
0.027451 0.0196078 0.0156863 1;
0.0235294 0.0156863 0.0156863 1;
0.0156863 0.0156863 0.0156863 1;
0.0156863 0.0156863 0.0156863 1;
0.0117647 0.0117647 0.0117647 1;
0.0117647 0.0117647 0.0117647 1;
0.00784314 0.00784314 0.00784314 1;
0.00392157 0.00392157 0.00392157 1;
0.00392157 0.00392157 0.00392157 1;
0.00392157 0.00392157 0.00392157 1;
0.00392157 0.00392157 0.00392157 1;
0 0 0 1;
0 0 0 1;
0 0 0 1;
0 0 0 1;
0 0 0 1;
0 0 0 1;
0 0 0 1;
0 0 0 1;
0 0 0 1;
0 0 0 1;
0.00392157 0.00392157 0.00392157 1;
0.00392157 0.00392157 0.00392157 1;
0.00392157 0.00392157 0.00392157 1;
0.00392157 0.00392157 0.00392157 1;
0.00784314 0.00784314 0.00784314 1;
0.0117647 0.0117647 0.0117647 1;
0.0117647 0.0117647 0.0117647 1;
0.0156863 0.0156863 0.0156863 1;
0.0156863 0.0156863 0.0156863 1;
0.0235294 0.0156863 0.0156863 1;
0.027451 0.0196078 0.0156863 1;
0.027451 0.0196078 0.0156863 1;
0.0313725 0.027451 0.0235294 1;
0.0352941 0.027451 0.027451 1;
0.0392157 0.0352941 0.0313725 1;
0.0431373 0.0392157 0.0352941 1;
0.0470588 0.0392157 0.0392157 1;
0.054902 0.0470588 0.0431373 1;
0.0588235 0.0509804 0.0470588 1;
0.0588235 0.054902 0.0509804 1;
0.0666667 0.0627451 0.054902 1;
0.0745098 0.0705882 0.0588235 1;
0.0784314 0.0745098 0.0627451 1;
0.0862745 0.0823529 0.0705882 1;
0.0862745 0.0823529 0.0705882 1;
0.0901961 0.0862745 0.0784314 1;
0.0980392 0.0941176 0.0862745 1;
0.105874 0.101953 0.0901882 1;
0.105882 0.101961 0.0901961 1;
0.113725 0.109804 0.0980392 1;
0.121569 0.117647 0.0980392 1;
0.12549 0.121569 0.101961 1;
0.133333 0.129412 0.109804 1;
0.141167 0.137246 0.117638 1;
0.145098 0.141176 0.121569 1;
0.152941 0.141176 0.121569 1;
0.160784 0.14902 0.129412 1;
0.164706 0.152941 0.12549 1;
0.172541 0.160776 0.133325 1;
0.176471 0.164706 0.137255 1;
0.184314 0.172549 0.145098 1;
0.176492 0.172549 0.145098 1;
0.180392 0.176471 0.14902 1;
0.184314 0.180392 0.152941 1;
0.192157 0.188235 0.160784 1;
0.192157 0.188235 0.160784 1;
0.203922 0.192157 0.164706 1;
0.215667 0.199991 0.17254 1;
0.2196 0.203914 0.176463 1;
0.2196 0.203914 0.176463 1;
0.22352 0.207835 0.180383 1;
0.223529 0.207843 0.180392 1;
0.223529 0.207843 0.180392 1;
0.227451 0.215686 0.184314 1;
0.227451 0.215686 0.184314 1;
0.227451 0.215686 0.184314 1;
0.223529 0.207843 0.180392 1;
0.22352 0.207835 0.180383 1;
0.2196 0.203914 0.176463 1;
0.215667 0.199991 0.17254 1;
0.207835 0.196069 0.168618 1;
0.20389 0.192147 0.164696 1;
0.192157 0.188235 0.160784 1;
0.188235 0.184314 0.156863 1;
0.180392 0.176471 0.14902 1;
0.176471 0.172549 0.145098 1;
0.184304 0.17254 0.145089 1;
0.176471 0.164706 0.137255 1;
0.172541 0.160776 0.133325 1;
0.164706 0.152941 0.12549 1;
0.164706 0.152941 0.133333 1;
0.156853 0.145089 0.125481 1;
0.145098 0.141176 0.121569 1;
0.141167 0.137246 0.117638 1;
0.133333 0.129412 0.109804 1;
0.12549 0.121569 0.101961 1;
0.125481 0.121559 0.101951 1;
0.117647 0.113725 0.101961 1;
0.109795 0.105873 0.0941083 1;
0.105882 0.101961 0.0901961 1;
0.0980392 0.0941176 0.0862745 1;
0.0941083 0.0901867 0.0823436 1;
0.0862745 0.0862745 0.0745098 1;
0.0862745 0.0823529 0.0705882 1;
0.0823529 0.0784314 0.0666667 1;
0.0784314 0.0745098 0.0627451 1;
0.0705882 0.0666667 0.0588235 1;
0.0627451 0.0588235 0.054902 1;
0.0588235 0.054902 0.0509804 1;
0.0588235 0.0509804 0.0470588 1;
0.054902 0.0470588 0.0431373 1;
0.0470588 0.0392157 0.0392157 1;
0.0431373 0.0392157 0.0352941 1;
0.0392157 0.0352941 0.0313725 1;
0.0352941 0.027451 0.027451 1;
0.0313725 0.027451 0.0235294 1;
0.027451 0.0235294 0.0196078 1;
0.027451 0.0196078 0.0156863 1;
0.0235294 0.0156863 0.0156863 1;
0.0156863 0.0156863 0.0117647 1;
0.0156863 0.0156863 0.0156863 1;
0.0156863 0.0156863 0.0156863 1;
0.0117647 0.0117647 0.0117647 1;
0.0117647 0.0117647 0.0117647 1;
0.00784314 0.00784314 0.00784314 1;
0.00392157 0.00392157 0.00392157 1;
0.00392157 0.00392157 0.00392157 1;
0.00392157 0.00392157 0.00392157 1;
0.00392157 0.00392157 0.00392157 1;
0 0 0 1;
0 0 0 1;
0 0 0 1;
0 0 0 1;
0 0 0 1;
0 0 0 1;
0 0 0 1;
0 0 0 1;
0 0 0 1;
0 0 0 1;
0 0 0 1;
0 0 0 1;
0.00392157 0.00392157 0.00392157 1;
0.00392157 0.00392157 0.00392157 1;
0.00392157 0.00392157 0.00392157 1;
0.00392157 0.00392157 0.00392157 1;
0.00784314 0.00784314 0.00784314 1;
0.0117647 0.0117647 0.0117647 1;
0.0117647 0.0117647 0.0117647 1;
0.0117647 0.0117647 0.0117647 1;
0.0156863 0.0156863 0.0156863 1;
0.0156863 0.0156863 0.0117647 1;
0.0235294 0.0156863 0.0156863 1;
0.027451 0.0196078 0.0156863 1;
0.027451 0.0196078 0.0156863 1;
0.027451 0.0235294 0.0196078 1;
0.0352941 0.027451 0.027451 1;
0.0392157 0.0313725 0.027451 1;
0.0392157 0.0352941 0.0313725 1;
0.0431373 0.0392157 0.0352941 1;
0.0470588 0.0392157 0.0392157 1;
0.0509804 0.0431373 0.0392157 1;
0.054902 0.0470588 0.0431373 1;
0.0588235 0.054902 0.0509804 1;
0.0588235 0.054902 0.0509804 1;
0.0666667 0.0627451 0.054902 1;
0.0705882 0.0666667 0.0588235 1;
0.0745098 0.0705882 0.0588235 1;
0.0784314 0.0745098 0.0627451 1;
0.0823529 0.0784314 0.0666667 1;
0.0862745 0.0823529 0.0705882 1 ;
0.0862745 0.0862745 0.0745098 1;
0.0941083 0.0901867 0.0823436 1;
0.0980392 0.0941176 0.0862745 1;
0.101961 0.0980392 0.0862745 1;
0.105882 0.101961 0.0901961 1;
0.109804 0.105882 0.0941176 1;
0.113725 0.109804 0.0980392 1;
0.117647 0.113725 0.101961 1;
0.125481 0.121559 0.101951 1;
0.12549 0.121569 0.101961 1;
0.12549 0.121569 0.101961 1;
0.133324 0.129402 0.109795 1;
0.137246 0.133325 0.113717 1;
0.141176 0.137255 0.117647 1;
0.145098 0.141176 0.121569 1;
0.152941 0.141176 0.121569 1;
0.152941 0.141176 0.121569 1;
0.156863 0.145098 0.12549 1;
0.160784 0.14902 0.129412 1;
0.160784 0.14902 0.129412 1;
0.164706 0.152941 0.133333 1;
0.164706 0.152941 0.12549 1;
0.164706 0.152941 0.125512 1;
0.164706 0.152941 0.12549 1;
0.164706 0.152941 0.12549 1;
0.164706 0.152941 0.12549 1;
0.164706 0.152941 0.133333 1;
0.164706 0.152941 0.133333 1;
0.156863 0.145098 0.12549 1;
0.156853 0.145089 0.125481 1;
0.152919 0.141176 0.121569 1;
0.145098 0.141176 0.121569 1;
0.141176 0.137255 0.117647 1;
0.137255 0.133333 0.113725 1;
0.133333 0.129412 0.109804 1;
0.12549 0.121569 0.101961 1;
0.12549 0.121569 0.101961 1;
0.121569 0.117647 0.0980392 1;
0.117647 0.113725 0.101961 1;
0.113725 0.109804 0.0980392 1;
0.109804 0.105882 0.0941176 1;
0.105882 0.101961 0.0901961 1;
0.101961 0.0980392 0.0862745 1;
0.0980392 0.0941176 0.0862745 1;
0.0941083 0.0901867 0.0823436 1;
0.0862745 0.0862745 0.0745098 1;
0.0862745 0.0823529 0.0705882 1;
0.0862745 0.0823529 0.0705882 1;
0.0784314 0.0745098 0.0627451 1;
0.078422 0.0745004 0.0627357 1;
0.0705882 0.0666667 0.0588235 1;
0.0666667 0.0627451 0.054902 1;
0.0627451 0.0588235 0.054902 1;
0.0588235 0.054902 0.0509804 1;
0.0588235 0.0509804 0.0470588 1;
0.054902 0.0470588 0.0431373 1;
0.0509804 0.0431373 0.0392157 1;
0.0431373 0.0392157 0.0352941 1;
0.0431373 0.0392157 0.0352941 1;
0.0392157 0.0352941 0.0313725 1;
0.0392157 0.0313725 0.027451 1;
0.0313725 0.027451 0.0235294 1;
0.027451 0.0235294 0.0196078 1;
0.027451 0.0196078 0.0156863 1;
0.027451 0.0196078 0.0156863 1;
0.0235294 0.0156863 0.0156863 1;
0.0156863 0.0156863 0.0117647 1;
0.0156863 0.0156863 0.0156863 1;
0.0156863 0.0156863 0.0156863 1;
0.0117647 0.0117647 0.0117647 1;
0.0117647 0.0117647 0.0117647 1;
0.0117647 0.0117647 0.0117647 1;
0.00784314 0.00784314 0.00784314 1;
0.00392157 0.00392157 0.00392157 1;
0.00392157 0.00392157 0.00392157 1;
0.00392157 0.00392157 0.00392157 1;
0.00392157 0.00392157 0.00392157 1;
0.00392157 0.00392157 0.00392157 1;
0 0 0 1;
0 0 0 1;
0 0 0 1;
0 0 0 1;
0 0 0 1;
0 0 0 1;
0 0 0 1;
0 0 0 1;
0 0 0 1;
0 0 0 1;
0 0 0 1;
0 0 0 1;
0 0 0 1;
0 0 0 1;
0.00392157 0.00392157 0.00392157 1;
0.00392157 0.00392157 0.00392157 1;
0.00392157 0.00392157 0.00392157 1;
0.00392157 0.00392157 0.00392157 1;
0.00392157 0.00392157 0.00392157 1;
0.00784314 0.00784314 0.00784314 1;
0.00784314 0.00784314 0.00784314 1;
0.0117647 0.0117647 0.0117647 1;
0.0117647 0.0117647 0.0117647 1;
0.0156863 0.0156863 0.0156863 1;
0.0156863 0.0156863 0.0156863 1;
0.0156863 0.0156863 0.0156863 1;
0.0156863 0.0156863 0.0117647 1;
0.0235294 0.0156863 0.0156863 1;
0.027451 0.0196078 0.0156863 1;
0.027451 0.0196078 0.0156863 1;
0.027451 0.0235294 0.0196078 1;
0.0313725 0.027451 0.0235294 1;
0.0352941 0.027451 0.027451 1;
0.0352941 0.027451 0.027451 1;
0.0392157 0.0313725 0.027451 1;
0.0392157 0.0352941 0.0313725 1;
0.0431373 0.0392157 0.0352941 1;
0.0470588 0.0392157 0.0392157 1;
0.0509804 0.0431373 0.0392157 1;
0.0509804 0.0431373 0.0392157 1;
0.054902 0.0470588 0.0431373 1;
0.0588235 0.0509804 0.0470588 1;
0.0588235 0.054902 0.0509804 1;
0.0588235 0.054902 0.0509804 1;
0.0627451 0.0588235 0.054902 1;
0.0666667 0.0627451 0.054902 1;
0.0666667 0.0627451 0.054902 1;
0.0705882 0.0666667 0.0588235 1;
0.0745098 0.0705882 0.0588235 1;
0.0784314 0.0745098 0.0627451 1;
0.0784314 0.0745098 0.0627451 1;
0.0823529 0.0784314 0.0666667 1;
0.0823529 0.0784314 0.0666667 1;
0.0862745 0.0823529 0.0705882 1;
0.0862745 0.0823529 0.0705882 1;
0.0862745 0.0823529 0.0705882 1;
0.0862745 0.0862745 0.0745098 1;
0.0901961 0.0862745 0.0784314 1;
0.0901867 0.0862753 0.078422 1;
0.0901961 0.0862745 0.0784314 1;
0.0941176 0.0901961 0.0823529 1;
0.0941176 0.0901961 0.0823529 1;
0.0980392 0.0941176 0.0862745 1;
0.0980392 0.0941176 0.0862745 1;
0.101961 0.0980392 0.0862745 1;
0.0980392 0.0941176 0.0862745 1;
0.0980392 0.0941176 0.0862745 1;
0.0980392 0.0941176 0.0862745 1;
0.0980298 0.0941083 0.0862644 1;
0.0941176 0.0901961 0.0823529 1;
0.0941176 0.0901961 0.0823529 1;
0.0862745 0.0862745 0.0745098 1;
0.0862745 0.0862745 0.0745098 1;
0.0862745 0.0823529 0.0705882 1;
0.0862745 0.0823529 0.0705882 1;
0.0862745 0.0823529 0.0705882 1;
0.0862644 0.0823436 0.0705789 1;
0.0823529 0.0784314 0.0666667 1;
0.0784314 0.0745098 0.0627451 1;
0.078422 0.0745004 0.0627357 1;
0.0745098 0.0705882 0.0588235 1;
0.0705882 0.0666667 0.0588235 1;
0.0666667 0.0627451 0.054902 1;
0.0666582 0.0627308 0.0549044 1;
0.0588235 0.054902 0.0509804 1;
0.0588235 0.054902 0.0509804 1;
0.058825 0.0548941 0.0509725 1;
0.0588235 0.0509804 0.0470588 1;
0.054902 0.0470588 0.0431373 1;
0.0509804 0.0431373 0.0392157 1;
0.0470588 0.0392157 0.0392157 1;
0.0431373 0.0392157 0.0352941 1;
0.0431373 0.0392157 0.0352941 1;
0.0392157 0.0352941 0.0313725 1;
0.0392157 0.0313725 0.027451 1;
0.0392157 0.0313725 0.027451 1;
0.0352941 0.027451 0.027451 1;
0.0313725 0.027451 0.0235294 1;
0.027451 0.0235294 0.0196078 1;
0.027451 0.0196078 0.0156863 1;
0.027451 0.0196078 0.0156863 1;
0.0235294 0.0156863 0.0156863 1;
0.0235294 0.0156863 0.0156863 1;
0.0156863 0.0156863 0.0117647 1;
0.0156863 0.0156863 0.0156863 1;
0.0156863 0.0156863 0.0156863 1;
0.0156863 0.0156863 0.0156863 1;
0.0117647 0.0117647 0.0117647 1;
0.0117647 0.0117647 0.0117647 1;
0.0117647 0.0117647 0.0117647 1;
0.00784314 0.00784314 0.00784314 1;
0.00784314 0.00784314 0.00784314 1;
0.00392157 0.00392157 0.00392157 1;
0.00392157 0.00392157 0.00392157 1;
0.00392157 0.00392157 0.00392157 1;
0.00392157 0.00392157 0.00392157 1;
0.00392157 0.00392157 0.00392157 1;
0.00392157 0.00392157 0.00392157 1;
0 0 0 1;
0 0 0 1;
0 0 0 1;
0 0 0 1;
0 0 0 1;
0 0 0 1;
0 0 0 1;
0 0 0 1;
0 0 0 1;
0 0 0 1;
0 0 0 1;
0 0 0 1;
0 0 0 1;
0 0 0 1;
0 0 0 1;
0 0 0 1;
0 0 0 1;
0 0 0 1;
0.00392157 0.00392157 0.00392157 1;
0.00392157 0.00392157 0.00392157 1;
0.00392157 0.00392157 0.00392157 1;
0.00392157 0.00392157 0.00392157 1;
0.00392157 0.00392157 0.00392157 1;
0.00392157 0.00392157 0.00392157 1;
0.00392157 0.00392157 0.00392157 1;
0.00784314 0.00784314 0.00784314 1;
0.00784314 0.00784314 0.00784314 1;
0.0117647 0.0117647 0.0117647 1;
0.0117647 0.0117647 0.0117647 1;
0.0117647 0.0117647 0.0117647 1;
0.0117647 0.0117647 0.0117647 1;
0.0156863 0.0156863 0.0156863 1;
0.0156863 0.0156863 0.0156863 1;
0.0156863 0.0156863 0.0156863 1;
0.0156863 0.0156863 0.0156863 1;
0.0156863 0.0156863 0.0117647 1;
0.0156863 0.0156863 0.0117647 1;
0.0235294 0.0156863 0.0156863 1;
0.027451 0.0196078 0.0156863 1;
0.027451 0.0196078 0.0156863 1;
0.027451 0.0196078 0.0156863 1;
0.027451 0.0196078 0.0156863 1;
0.027451 0.0196078 0.0156863 1;
0.027451 0.0235294 0.0196078 1;
0.0313725 0.027451 0.0235294 1;
0.0313725 0.027451 0.0235294 1;
0.0352941 0.027451 0.027451 1;
0.0352941 0.027451 0.027451 1;
0.0352941 0.027451 0.027451 1;
0.0392157 0.0313725 0.027451 1;
0.0392157 0.0313725 0.027451 1;
0.0392157 0.0352941 0.0313725 1;
0.0392157 0.0352941 0.0313725 1;
0.0431373 0.0392157 0.0352941 1;
0.0431288 0.0392059 0.0352857 1;
0.0431373 0.0392157 0.0352941 1;
0.0431373 0.0392157 0.0352941 1;
0.0431373 0.0392157 0.0352941 1;
0.0431373 0.0392157 0.0352941 1;
0.0470588 0.0392157 0.0392157 1;
0.0470588 0.0392157 0.0392157 1;
0.0431373 0.0392157 0.0352941 1;
0.0470588 0.0392157 0.0392157 1;
0.0470588 0.0392157 0.0392157 1;
0.0470588 0.0392157 0.0392157 1;
0.050971 0.0431279 0.0392164 1;
0.0509804 0.0431373 0.0392157 1;
0.0509804 0.0431373 0.0392157 1;
0.0470588 0.0392157 0.0392157 1;
0.0470588 0.0392157 0.0392157 1;
0.0470588 0.0392157 0.0392157 1;
0.0470588 0.0392157 0.0392157 1;
0.0431373 0.0392157 0.0352941 1;
0.0431373 0.0392157 0.0352941 1;
0.0431373 0.0392157 0.0352941 1;
0.0431373 0.0392157 0.0352941 1;
0.0392157 0.0352941 0.0313725 1;
0.0392157 0.0352941 0.0313725 1;
0.0392157 0.0352941 0.0313725 1;
0.0392157 0.0313725 0.027451 1;
0.0392157 0.0313725 0.027451 1;
0.0392059 0.0313641 0.0274523 1;
0.0352941 0.027451 0.027451 1;
0.0313725 0.027451 0.0235294 1;
0.0313725 0.027451 0.0235294 1;
0.027451 0.0235294 0.0196078 1;
0.027451 0.0235294 0.0196078 1;
0.027451 0.0196078 0.0156863 1;
0.027451 0.0196078 0.0156863 1;
0.027451 0.0196078 0.0156863 1;
0.027451 0.0196078 0.0156863 1;
0.0235294 0.0156863 0.0156863 1;
0.0235294 0.0156863 0.0156863 1;
0.0156863 0.0156863 0.0117647 1;
0.0156863 0.0156863 0.0117647 1;
0.0156863 0.0156863 0.0156863 1;
0.0156863 0.0156863 0.0156863 1;
0.0156863 0.0156863 0.0156863 1;
0.0156863 0.0156863 0.0156863 1;
0.0117647 0.0117647 0.0117647 1;
0.0117647 0.0117647 0.0117647 1;
0.0117647 0.0117647 0.0117647 1;
0.0117647 0.0117647 0.0117647 1;
0.0117647 0.0117647 0.0117647 1;
0.00784314 0.00784314 0.00784314 1;
0.00784314 0.00784314 0.00784314 1;
0.00392157 0.00392157 0.00392157 1;
0.00392157 0.00392157 0.00392157 1;
0.00392157 0.00392157 0.00392157 1;
0.00392157 0.00392157 0.00392157 1;
0.00392157 0.00392157 0.00392157 1;
0.00392157 0.00392157 0.00392157 1;
0.00392157 0.00392157 0.00392157 1;
0.00392157 0.00392157 0.00392157 1;
0.00392157 0.00392157 0.00392157 1;
0.00392157 0.00392157 0.00392157 1;
0 0 0 1;
0 0 0 1;
0 0 0 1;
0 0 0 1;
0 0 0 1;
0 0 0 1;
0 0 0 1;
0 0 0 1;
0 0 0 1;
0 0 0 1;
0 0 0 1;
0 0 0 1;
0 0 0 1;
0 0 0 1;
0 0 0 1;
0 0 0 1;
0 0 0 1;
0 0 0 1;
0 0 0 1;
0 0 0 1;
0 0 0 1;
0 0 0 1;
0 0 0 1;
0 0 0 1;
0 0 0 1;
0 0 0 1;
0 0 0 1;
0.00392157 0.00392157 0.00392157 1;
0.00392157 0.00392157 0.00392157 1;
0.00392157 0.00392157 0.00392157 1;
0.00392157 0.00392157 0.00392157 1;
0.00392157 0.00392157 0.00392157 1;
0.00392157 0.00392157 0.00392157 1;
0.00392157 0.00392157 0.00392157 1;
0.00392157 0.00392157 0.00392157 1;
0.00392157 0.00392157 0.00392157 1;
0.00392157 0.00392157 0.00392157 1;
0.00392157 0.00392157 0.00392157 1;
0.00392157 0.00392157 0.00392157 1;
0.00392157 0.00392157 0.00392157 1;
0.00392157 0.00392157 0.00392157 1;
0.00392157 0.00392157 0.00392157 1;
0.00392157 0.00392157 0.00392157 1;
0.00784314 0.00784314 0.00784314 1;
0.00784314 0.00784314 0.00784314 1;
0.00784314 0.00784314 0.00784314 1;
0.00784314 0.00784314 0.00784314 1;
0.0117647 0.0117647 0.0117647 1;
0.0117647 0.0117647 0.0117647 1;
0.00784314 0.00784314 0.00784314 1;
0.0117647 0.0117647 0.0117647 1;
0.0117647 0.0117647 0.0117647 1;
0.0117647 0.0117647 0.0117647 1;
0.0117647 0.0117647 0.0117647 1;
0.0117647 0.0117647 0.0117647 1;
0.0117647 0.0117647 0.0117647 1;
0.0117647 0.0117647 0.0117647 1;
0.0117647 0.0117647 0.0117647 1;
0.0117647 0.0117647 0.0117647 1;
0.0117647 0.0117647 0.0117647 1;
0.0117647 0.0117647 0.0117647 1;
0.0117647 0.0117647 0.0117647 1;
0.0117647 0.0117647 0.0117647 1;
0.0117647 0.0117647 0.0117647 1;
0.0117647 0.0117647 0.0117647 1;
0.0117647 0.0117647 0.0117647 1;
0.0156863 0.0156863 0.0156863 1;
0.0156863 0.0156863 0.0156863 1;
0.0156863 0.0156863 0.0156863 1;
0.0117647 0.0117647 0.0117647 1;
0.0117647 0.0117647 0.0117647 1;
0.0117647 0.0117647 0.0117647 1;
0.0117647 0.0117647 0.0117647 1;
0.0117647 0.0117647 0.0117647 1;
0.0117647 0.0117647 0.0117647 1;
0.0117647 0.0117647 0.0117647 1;
0.0117647 0.0117647 0.0117647 1;
0.0117647 0.0117647 0.0117647 1;
0.0117647 0.0117647 0.0117647 1;
0.0117647 0.0117647 0.0117647 1;
0.00784314 0.00784314 0.00784314 1;
0.00784314 0.00784314 0.00784314 1;
0.00784314 0.00784314 0.00784314 1;
0.00784314 0.00784314 0.00784314 1;
0.00784314 0.00784314 0.00784314 1;
0.00784314 0.00784314 0.00784314 1;
0.00784314 0.00784314 0.00784314 1;
0.00784314 0.00784314 0.00784314 1;
0.00784314 0.00784314 0.00784314 1;
0.00392157 0.00392157 0.00392157 1;
0.00392157 0.00392157 0.00392157 1;
0.00392157 0.00392157 0.00392157 1;
0.00392157 0.00392157 0.00392157 1;
0.00392157 0.00392157 0.00392157 1;
0.00392157 0.00392157 0.00392157 1;
0.00392157 0.00392157 0.00392157 1;
0.00392157 0.00392157 0.00392157 1;
0.00392157 0.00392157 0.00392157 1;
0.00392157 0.00392157 0.00392157 1;
0.00392157 0.00392157 0.00392157 1;
0.00392157 0.00392157 0.00392157 1;
0.00392157 0.00392157 0.00392157 1;
0.00392157 0.00392157 0.00392157 1;
0.00392157 0.00392157 0.00392157 1;
0.00392157 0.00392157 0.00392157 1;
0.00392157 0.00392157 0.00392157 1;
0 0 0 1;
0 0 0 1;
0 0 0 1;
0 0 0 1;
0 0 0 1;
0 0 0 1;
0 0 0 1;
0 0 0 1;
0 0 0 1;
0 0 0 1;
0 0 0 1;
0 0 0 1;
0 0 0 1;
0 0 0 1;
0 0 0 1;
0 0 0 1;
0 0 0 1;
0 0 0 1;
0 0 0 1;
0 0 0 1;
0 0 0 1;
0 0 0 1;
0 0 0 1;
0 0 0 1;
0 0 0 1;
0 0 0 1;
0 0 0 1;
0 0 0 1;
0 0 0 1;
0 0 0 1;
0 0 0 1;
0 0 0 1;
0 0 0 1;
0 0 0 1;
0 0 0 1;
0 0 0 1;
0 0 0 1;
0 0 0 1;
0 0 0 1;
0 0 0 1;
0 0 0 1;
0 0 0 1;
0 0 0 1;
0 0 0 1;
0 0 0 1;
0 0 0 1;
0 0 0 1;
0 0 0 1;
0 0 0 1;
0 0 0 1;
0 0 0 1;
0 0 0 1;
0 0 0 1;
0 0 0 1;
0 0 0 1;
0 0 0 1;
0 0 0 1;
0 0 0 1;
0 0 0 1;
0 0 0 1;
0 0 0 1;
0 0 0 1;
0 0 0 1;
0 0 0 1;
0 0 0 1;
0 0 0 1;
0 0 0 1;
0 0 0 1;
0 0 0 1;
0 0 0 1;
0 0 0 1;
0 0 0 1;
0 0 0 1;
0 0 0 1;
0 0 0 1;
0 0 0 1;
0 0 0 1;
0 0 0 1;
0 0 0 1;
0 0 0 1;
0 0 0 1;
0 0 0 1;
0 0 0 1;
0 0 0 1;
0 0 0 1;
0 0 0 1;
0 0 0 1;
0 0 0 1;
0 0 0 1;
0 0 0 1;
0 0 0 1;
0 0 0 1;
0 0 0 1;
0 0 0 1;
0 0 0 1;
0 0 0 1;
0 0 0 1;
0 0 0 1;
0 0 0 1;
0 0 0 1;
0 0 0 1;
0 0 0 1;
0 0 0 1;
0 0 0 1;
0 0 0 1;
0 0 0 1;
0 0 0 1;
0 0 0 1;
0 0 0 1;
0 0 0 1;
0 0 0 1;
0 0 0 1;
0 0 0 1;
0 0 0 1;
0 0 0 1;
0 0 0 1;
0 0 0 1;
0 0 0 1;
0 0 0 1;
0 0 0 1;
0 0 0 1;
0 0 0 1;
0 0 0 1;
0 0 0 1;
0 0 0 1;
0 0 0 1;
0 0 0 1;
0 0 0 1;
0 0 0 1;
0 0 0 1;
0 0 0 1;
0 0 0 1;
0 0 0 1;
0 0 0 1;
0 0 0 1;
0 0 0 1;
0 0 0 1;
0 0 0 1;
0 0 0 1;
0 0 0 1;
0 0 0 1;
0 0 0 1;
0 0 0 1;
0 0 0 1;
0 0 0 1;
0 0 0 1;
0 0 0 1;
0 0 0 1;
0 0 0 1;
0 0 0 1;
0 0 0 1;
0 0 0 1;
0 0 0 1;
0 0 0 1;
0 0 0 1;
0 0 0 1;
0 0 0 1;
0 0 0 1;
0 0 0 1;
0 0 0 1;
0 0 0 1;
0 0 0 1;
0 0 0 1;
0 0 0 1;
0 0 0 1;
0 0 0 1;
0 0 0 1;
0 0 0 1;
0 0 0 1;
0 0 0 1;
0 0 0 1;
0.00392157 0.00392157 0.00392157 1;
0.00392157 0.00392157 0.00392157 1;
0.00392157 0.00392157 0.00392157 1;
0.00392157 0.00392157 0.00392157 1;
0.00392157 0.00392157 0.00392157 1;
0.00392157 0.00392157 0.00392157 1;
0.00392157 0.00392157 0.00392157 1;
0.00392157 0.00392157 0.00392157 1;
0.00392157 0.00392157 0.00392157 1;
0.00392157 0.00392157 0.00392157 1;
0.00392157 0.00392157 0.00392157 1;
0.00392157 0.00392157 0.00392157 1;
0.00392157 0.00392157 0.00392157 1;
0.00392157 0.00392157 0.00392157 1;
0.00392157 0.00392157 0.00392157 1;
0.00392157 0.00392157 0.00392157 1;
0.00392157 0.00392157 0.00392157 1;
0.00392157 0.00392157 0.00392157 1;
0.00392157 0.00392157 0.00392157 1;
0.00784314 0.00784314 0.00784314 1;
0.00784314 0.00784314 0.00784314 1;
0.00784314 0.00784314 0.00784314 1;
0.0117647 0.0117647 0.0117647 1;
0.0117647 0.0117647 0.0117647 1;
0.0117647 0.0117647 0.0117647 1;
0.0117647 0.0117647 0.0117647 1;
0.0117647 0.0117647 0.0117647 1;
0.0117647 0.0117647 0.0117647 1;
0.0117655 0.0117655 0.0117655 1;
0.0117647 0.0117647 0.0117647 1;
0.0117647 0.0117647 0.0117647 1;
0.0117647 0.0117647 0.0117647 1;
0.0156863 0.0156863 0.0156863 1;
0.0156863 0.0156863 0.0156863 1;
0.0156863 0.0156863 0.0156863 1;
0.0156863 0.0156863 0.0156863 1;
0.0156863 0.0156863 0.0156863 1;
0.0156863 0.0156863 0.0156863 1;
0.0156863 0.0156863 0.0156863 1;
0.0156863 0.0156863 0.0156863 1;
0.0156863 0.0156863 0.0156863 1;
0.0156761 0.0156761 0.0156761 1;
0.0156863 0.0156863 0.0156863 1;
0.0156863 0.0156863 0.0156863 1;
0.0156863 0.0156863 0.0156863 1;
0.0156863 0.0156863 0.0156863 1;
0.0156863 0.0156863 0.0156863 1;
0.0156863 0.0156863 0.0156863 1;
0.0117647 0.0117647 0.0117647 1;
0.0117647 0.0117647 0.0117647 1;
0.0117647 0.0117647 0.0117647 1;
0.0117647 0.0117647 0.0117647 1;
0.0117647 0.0117647 0.0117647 1;
0.0117647 0.0117647 0.0117647 1;
0.0117647 0.0117647 0.0117647 1;
0.0117647 0.0117647 0.0117647 1;
0.0117647 0.0117647 0.0117647 1;
0.0117647 0.0117647 0.0117647 1;
0.0117647 0.0117647 0.0117647 1;
0.0117647 0.0117647 0.0117647 1;
0.0117647 0.0117647 0.0117647 1;
0.0117647 0.0117647 0.0117647 1;
0.0117647 0.0117647 0.0117647 1;
0.00784314 0.00784314 0.00784314 1;
0.00784314 0.00784314 0.00784314 1;
0.00784314 0.00784314 0.00784314 1;
0.00784314 0.00784314 0.00784314 1;
0.00392157 0.00392157 0.00392157 1;
0.00392157 0.00392157 0.00392157 1;
0.00392157 0.00392157 0.00392157 1;
0.00392157 0.00392157 0.00392157 1;
0.00392157 0.00392157 0.00392157 1;
0.00392157 0.00392157 0.00392157 1;
0.00392157 0.00392157 0.00392157 1;
0.00392157 0.00392157 0.00392157 1;
0.00392157 0.00392157 0.00392157 1;
0.00392157 0.00392157 0.00392157 1;
0.00392157 0.00392157 0.00392157 1;
0.00392157 0.00392157 0.00392157 1;
0.00392157 0.00392157 0.00392157 1;
0.00392157 0.00392157 0.00392157 1;
0.00392157 0.00392157 0.00392157 1;
0 0 0 1;
0 0 0 1;
0 0 0 1;
0 0 0 1;
0 0 0 1;
0 0 0 1;
0 0 0 1;
0 0 0 1;
0 0 0 1;
0 0 0 1;
0 0 0 1;
0 0 0 1;
0 0 0 1;
0 0 0 1;
0 0 0 1;
0 0 0 1;
0 0 0 1;
0 0 0 1;
0 0 0 1;
0 0 0 1;
0 0 0 1;
0 0 0 1;
0 0 0 1;
0 0 0 1;
0 0 0 1;
0 0 0 1;
0.00392157 0.00392157 0.00392157 1;
0.00392157 0.00392157 0.00392157 1;
0.00392157 0.00392157 0.00392157 1;
0.00392157 0.00392157 0.00392157 1;
0.00392157 0.00392157 0.00392157 1;
0.00392157 0.00392157 0.00392157 1;
0.00392157 0.00392157 0.00392157 1;
0.00392157 0.00392157 0.00392157 1;
0.00392157 0.00392157 0.00392157 1;
0.00784314 0.00784314 0.00784314 1;
0.00784314 0.00784314 0.00784314 1;
0.00784314 0.00784314 0.00784314 1;
0.0117647 0.0117647 0.0117647 1;
0.0117647 0.0117647 0.0117647 1;
0.0117647 0.0117647 0.0117647 1;
0.0117647 0.0117647 0.0117647 1;
0.0156863 0.0156863 0.0156863 1;
0.0156863 0.0156863 0.0156863 1;
0.0156863 0.0156863 0.0156863 1;
0.0156863 0.0156863 0.0156863 1;
0.0156863 0.0156863 0.0117647 1;
0.0156863 0.0156863 0.0117647 1;
0.0235294 0.0156863 0.0156863 1;
0.0235294 0.0156863 0.0156863 1;
0.027451 0.0196078 0.0156863 1;
0.027451 0.0196078 0.0156863 1;
0.027451 0.0196078 0.0156863 1;
0.0274517 0.02352 0.0195985 1;
0.027451 0.0235294 0.0196078 1;
0.0313641 0.0274412 0.023521 1;
0.0313725 0.027451 0.0235294 1;
0.0313725 0.027451 0.0235294 1;
0.0352941 0.027451 0.027451 1;
0.0352941 0.027451 0.027451 1;
0.0392059 0.0313641 0.0274523 1;
0.0392157 0.0352941 0.0313725 1;
0.0392157 0.0352941 0.0313725 1;
0.0431288 0.0392059 0.0352857 1;
0.0431373 0.0392157 0.0352941 1;
0.0431373 0.0392157 0.0352941 1;
0.0431373 0.0392157 0.0352941 1;
0.0431373 0.0392157 0.0352941 1;
0.0470588 0.0392157 0.0392157 1;
0.0470588 0.0392157 0.0392157 1;
0.050971 0.0431279 0.0392164 1;
0.0509804 0.0431373 0.0392157 1;
0.0509804 0.0431373 0.0392157 1;
0.0509804 0.0431373 0.0392157 1;
0.0509804 0.0431373 0.0392157 1;
0.054902 0.0470588 0.0431373 1;
0.0509804 0.0431373 0.0392157 1;
0.0509804 0.0431373 0.0392157 1;
0.0509804 0.0431373 0.0392157 1;
0.0509804 0.0431373 0.0392157 1;
0.0470588 0.0392157 0.0392157 1;
0.0470588 0.0392157 0.0392157 1;
0.050971 0.0431279 0.0392164 1;
0.0470588 0.0392157 0.0392157 1;
0.0470588 0.0392157 0.0392157 1;
0.0431373 0.0392157 0.0352941 1;
0.0431373 0.0392157 0.0352941 1;
0.0431373 0.0392157 0.0352941 1;
0.0431373 0.0392157 0.0352941 1;
0.0392157 0.0352941 0.0313725 1;
0.0431373 0.0392157 0.0352941 1;
0.0392157 0.0352941 0.0313725 1;
0.0392164 0.0352847 0.0313632 1;
0.0392157 0.0313725 0.027451 1;
0.0352941 0.027451 0.027451 1;
0.0352941 0.027451 0.027451 1;
0.0313725 0.027451 0.0235294 1;
0.0313725 0.027451 0.0235294 1;
0.0313725 0.027451 0.0235294 1;
0.027451 0.0235294 0.0196078 1;
0.0274517 0.02352 0.0195985 1;
0.027451 0.0196078 0.0156863 1;
0.027451 0.0196078 0.0156863 1;
0.027451 0.0196078 0.0156863 1;
0.027451 0.0196078 0.0156863 1;
0.0235294 0.0156863 0.0156863 1;
0.0156863 0.0156863 0.0117647 1;
0.0156863 0.0156863 0.0117647 1;
0.0156863 0.0156863 0.0156863 1;
0.0156863 0.0156863 0.0156863 1;
0.0156863 0.0156863 0.0156863 1;
0.0156863 0.0156863 0.0156863 1;
0.0117647 0.0117647 0.0117647 1;
0.0117647 0.0117647 0.0117647 1;
0.0117647 0.0117647 0.0117647 1;
0.00784314 0.00784314 0.00784314 1;
0.00784314 0.00784314 0.00784314 1;
0.00392157 0.00392157 0.00392157 1;
0.00392157 0.00392157 0.00392157 1;
0.00392157 0.00392157 0.00392157 1;
0.00392157 0.00392157 0.00392157 1;
0.00392157 0.00392157 0.00392157 1;
0.00392157 0.00392157 0.00392157 1;
0.00392157 0.00392157 0.00392157 1;
0.00392157 0.00392157 0.00392157 1;
0 0 0 1;
0 0 0 1;
0 0 0 1;
0 0 0 1;
0 0 0 1;
0 0 0 1;
0 0 0 1;
0 0 0 1;
0 0 0 1;
0 0 0 1;
0 0 0 1;
0 0 0 1;
0 0 0 1;
0 0 0 1;
0 0 0 1;
0 0 0 1;
0 0 0 1;
0.00392157 0.00392157 0.00392157 1;
0.00392157 0.00392157 0.00392157 1;
0.00392157 0.00392157 0.00392157 1;
0.00392157 0.00392157 0.00392157 1;
0.00392157 0.00392157 0.00392157 1;
0.00392157 0.00392157 0.00392157 1;
0.00392157 0.00392157 0.00392157 1;
0.00784314 0.00784314 0.00784314 1;
0.0117647 0.0117647 0.0117647 1;
0.0117647 0.0117647 0.0117647 1;
0.0117647 0.0117647 0.0117647 1;
0.0156863 0.0156863 0.0156863 1;
0.0156863 0.0156863 0.0156863 1;
0.0156863 0.0156863 0.0156863 1;
0.0156863 0.0156863 0.0117647 1;
0.0235294 0.0156863 0.0156863 1;
0.027451 0.0196078 0.0156863 1;
0.027451 0.0196078 0.0156863 1;
0.027451 0.0196078 0.0156863 1;
0.027451 0.0235294 0.0196078 1;
0.0313725 0.027451 0.0235294 1;
0.0352941 0.027451 0.027451 1;
0.0352941 0.027451 0.027451 1;
0.0392157 0.0352941 0.0313725 1;
0.0431288 0.0392059 0.0352857 1;
0.0431373 0.0392157 0.0352941 1;
0.0431373 0.0392157 0.0352941 1;
0.0470588 0.0392157 0.0392157 1;
0.0509804 0.0431373 0.0392157 1;
0.0588134 0.050971 0.0470494 1;
0.0588235 0.0509804 0.0470588 1;
0.0588235 0.054902 0.0509804 1;
0.0588235 0.054902 0.0509804 1;
0.0627451 0.0588235 0.054902 1;
0.0666582 0.0627308 0.0549044 1;
0.0666667 0.0627451 0.054902 1;
0.0745098 0.0705882 0.0588235 1;
0.0784314 0.0745098 0.0627451 1;
0.0784314 0.0745098 0.0627451 1;
0.0784314 0.0745098 0.0627451 1;
0.0823529 0.0784314 0.0666667 1;
0.0862644 0.0823436 0.0705789 1;
0.0862745 0.0823529 0.0705882 1;
0.0862745 0.0862745 0.0745098 1;
0.0862745 0.0862745 0.0745098 1;
0.0901961 0.0862745 0.0784314 1;
0.0901961 0.0862745 0.0784314 1;
0.0941176 0.0901961 0.0823529 1;
0.0941176 0.0901961 0.0823529 1;
0.101961 0.0980392 0.0862745 1;
0.101961 0.0980392 0.0862745 1;
0.101961 0.0980392 0.0862745 1;
0.101961 0.0980392 0.0862745 1;
0.101951 0.0980298 0.0862753 1;
0.0980392 0.0941176 0.0862745 1;
0.101951 0.0980298 0.0862753 1;
0.0980392 0.0941176 0.0862745 1;
0.0980298 0.0941083 0.0862644 1;
0.0941176 0.0901961 0.0823529 1;
0.0901961 0.0862745 0.0784314 1;
0.0901867 0.0862753 0.078422 1;
0.0862745 0.0862745 0.0745098 1;
0.0862745 0.0862745 0.0745098 1;
0.0862745 0.0823529 0.0705882 1;
0.0862745 0.0823529 0.0705882 1;
0.0862745 0.0823529 0.0705882 1;
0.0823529 0.0784314 0.0666667 1;
0.0784314 0.0745098 0.0627451 1;
0.0784314 0.0745098 0.0627451 1;
0.0784314 0.0745098 0.0627451 1;
0.0745098 0.0705882 0.0588235 1;
0.0705882 0.0666667 0.0588235 1;
0.0666667 0.0627451 0.054902 1;
0.0627451 0.0588235 0.054902 1;
0.0627451 0.0588235 0.054902 1;
0.0588235 0.054902 0.0509804 1;
0.0588235 0.054902 0.0509804 1;
0.0588235 0.0509804 0.0470588 1;
0.054902 0.0470588 0.0431373 1;
0.0509804 0.0431373 0.0392157 1;
0.0470588 0.0392157 0.0392157 1;
0.0431373 0.0392157 0.0352941 1;
0.0431373 0.0392157 0.0352941 1;
0.0392157 0.0352941 0.0313725 1;
0.0392157 0.0313725 0.027451 1;
0.0352941 0.027451 0.027451 1;
0.0313725 0.027451 0.0235294 1;
0.027451 0.0235294 0.0196078 1;
0.027451 0.0235294 0.0196078 1;
0.027451 0.0196078 0.0156863 1;
0.027451 0.0196078 0.0156863 1;
0.0235294 0.0156863 0.0156863 1;
0.0156863 0.0156863 0.0117647 1;
0.0156863 0.0156863 0.0156863 1;
0.0156863 0.0156863 0.0156863 1;
0.0117647 0.0117647 0.0117647 1;
0.0117647 0.0117647 0.0117647 1;
0.0117647 0.0117647 0.0117647 1;
0.00784314 0.00784314 0.00784314 1;
0.00392157 0.00392157 0.00392157 1;
0.00392157 0.00392157 0.00392157 1;
0.00392157 0.00392157 0.00392157 1;
0.00392157 0.00392157 0.00392157 1;
0.00392157 0.00392157 0.00392157 1;
0.00392157 0.00392157 0.00392157 1;
0 0 0 1;
0 0 0 1;
0 0 0 1;
0 0 0 1;
0 0 0 1;
0 0 0 1;
0 0 0 1;
0 0 0 1;
0 0 0 1;
0 0 0 1;
0 0 0 1;
0 0 0 1;
0 0 0 1;
0.00392157 0.00392157 0.00392157 1;
0.00392157 0.00392157 0.00392157 1;
0.00392157 0.00392157 0.00392157 1;
0.00392157 0.00392157 0.00392157 1;
0.00392157 0.00392157 0.00392157 1;
0.00392157 0.00392157 0.00392157 1;
0.00784314 0.00784314 0.00784314 1;
0.0117647 0.0117647 0.0117647 1;
0.0117647 0.0117647 0.0117647 1;
0.0156863 0.0156863 0.0156863 1;
0.0156863 0.0156863 0.0156863 1;
0.0156863 0.0156863 0.0117647 1;
0.0235294 0.0156863 0.0156863 1;
0.027451 0.0196078 0.0156863 1;
0.027451 0.0196078 0.0156863 1;
0.027451 0.0235294 0.0196078 1;
0.0313725 0.027451 0.0235294 1;
0.0352941 0.027451 0.027451 1;
0.0392157 0.0313725 0.027451 1;
0.0431373 0.0392157 0.0352941 1;
0.0431373 0.0392157 0.0352941 1;
0.0509804 0.0431373 0.0392157 1;
0.054902 0.0470588 0.0431373 1;
0.0588235 0.0509804 0.0470588 1;
0.0588235 0.054902 0.0509804 1;
0.0627451 0.0588235 0.054902 1;
0.0666667 0.0627451 0.054902 1;
0.0745098 0.0705882 0.0588235 1;
0.0784314 0.0745098 0.0627451 1;
0.0784314 0.0745098 0.0627451 1;
0.0862644 0.0823436 0.0705789 1;
0.0862745 0.0823529 0.0705882 1;
0.0862745 0.0862745 0.0745098 1;
0.0941176 0.0901961 0.0823529 1;
0.0980392 0.0941176 0.0862745 1;
0.105874 0.101953 0.0901882 1;
0.105882 0.101961 0.0901961 1;
0.109804 0.105882 0.0941176 1;
0.113725 0.109804 0.0980392 1;
0.117647 0.113725 0.101961 1;
0.12549 0.121569 0.101961 1;
0.12549 0.121569 0.101961 1;
0.129412 0.12549 0.105882 1;
0.133333 0.129412 0.109804 1;
0.137255 0.133333 0.113725 1;
0.141176 0.137255 0.117647 1;
0.152941 0.141176 0.121569 1;
0.156863 0.145098 0.12549 1;
0.156863 0.145098 0.12549 1;
0.160784 0.14902 0.129412 1;
0.164706 0.152941 0.133333 1;
0.164706 0.152941 0.125512 1;
0.164706 0.152941 0.12549 1;
0.168627 0.156863 0.129412 1;
0.168627 0.156863 0.129412 1;
0.164706 0.152941 0.12549 1;
0.164706 0.152941 0.125512 1;
0.164706 0.152941 0.133333 1;
0.160784 0.14902 0.129412 1;
0.160784 0.14902 0.129412 1;
0.160775 0.14901 0.129402 1;
0.156853 0.145089 0.125481 1;
0.152919 0.141176 0.121569 1;
0.145089 0.141167 0.121559 1;
0.141176 0.137255 0.117647 1;
0.137246 0.133325 0.113717 1;
0.133333 0.129412 0.109804 1;
0.129412 0.12549 0.105882 1;
0.12549 0.121569 0.101961 1;
0.125481 0.121559 0.101951 1;
0.117647 0.113725 0.101961 1;
0.113725 0.109804 0.0980392 1;
0.113717 0.109795 0.0980308 1;
0.105882 0.101961 0.0901961 1;
0.105882 0.101961 0.0901961 1;
0.0980392 0.0941176 0.0862745 1;
0.0941176 0.0901961 0.0823529 1;
0.0862745 0.0862745 0.0745098 1;
0.0862745 0.0823529 0.0705882 1;
0.0862745 0.0823529 0.0705882 1;
0.0823445 0.0784229 0.0666582 1;
0.0784314 0.0745098 0.0627451 1;
0.0745098 0.0705882 0.0588235 1;
0.0666667 0.0627451 0.054902 1;
0.0627451 0.0588235 0.054902 1;
0.0588235 0.054902 0.0509804 1;
0.0588235 0.0509804 0.0470588 1;
0.054902 0.0470588 0.0431373 1;
0.0509804 0.0431373 0.0392157 1;
0.0431373 0.0392157 0.0352941 1;
0.0431373 0.0392157 0.0352941 1;
0.0392157 0.0313725 0.027451 1;
0.0352941 0.027451 0.027451 1;
0.0313725 0.027451 0.0235294 1;
0.027451 0.0235294 0.0196078 1;
0.027451 0.0196078 0.0156863 1;
0.0235294 0.0156863 0.0156863 1;
0.0156863 0.0156863 0.0117647 1;
0.0156863 0.0156863 0.0156863 1;
0.0156863 0.0156863 0.0156863 1;
0.0117647 0.0117647 0.0117647 1;
0.0117647 0.0117647 0.0117647 1;
0.00784314 0.00784314 0.00784314 1;
0.00392157 0.00392157 0.00392157 1;
0.00392157 0.00392157 0.00392157 1;
0.00392157 0.00392157 0.00392157 1;
0.00392157 0.00392157 0.00392157 1;
0.00392157 0.00392157 0.00392157 1;
0 0 0 1;
0 0 0 1;
0 0 0 1;
0 0 0 1;
0 0 0 1;
0 0 0 1;
0 0 0 1;
0 0 0 1;
0 0 0 1;
0 0 0 1;
0 0 0 1;
0.00392157 0.00392157 0.00392157 1;
0.00392157 0.00392157 0.00392157 1;
0.00392157 0.00392157 0.00392157 1;
0.00392157 0.00392157 0.00392157 1;
0.00392157 0.00392157 0.00392157 1;
0.00784314 0.00784314 0.00784314 1;
0.0117647 0.0117647 0.0117647 1;
0.0117647 0.0117647 0.0117647 1;
0.0156863 0.0156863 0.0156863 1;
0.0156863 0.0156863 0.0156863 1;
0.0156863 0.0156863 0.0117647 1;
0.027451 0.0196078 0.0156863 1;
0.027451 0.0196078 0.0156863 1;
0.027451 0.0235294 0.0196078 1;
0.0352941 0.027451 0.027451 1;
0.0392157 0.0313725 0.027451 1;
0.0431373 0.0392157 0.0352941 1;
0.0431373 0.0392157 0.0352941 1;
0.0509804 0.0431373 0.0392157 1;
0.054902 0.0470588 0.0431373 1;
0.0588235 0.054902 0.0509804 1;
0.0627451 0.0588235 0.054902 1;
0.0705882 0.0666667 0.0588235 1;
0.0745098 0.0705882 0.0588235 1;
0.0784314 0.0745098 0.0627451 1;
0.0862745 0.0823529 0.0705882 1;
0.0862745 0.0862745 0.0745098 1;
0.0901961 0.0862745 0.0784314 1;
0.0980392 0.0941176 0.0862745 1;
0.105882 0.101961 0.0901961 1;
0.109804 0.105882 0.0941176 1;
0.117638 0.113716 0.101951 1;
0.121569 0.117647 0.0980392 1;
0.12549 0.121569 0.101961 1;
0.133333 0.129412 0.109804 1;
0.137255 0.133333 0.113725 1;
0.152919 0.141176 0.121569 1;
0.156863 0.145098 0.12549 1;
0.164706 0.152941 0.133333 1;
0.164706 0.152941 0.12549 1;
0.172541 0.160776 0.133325 1;
0.176471 0.164706 0.137255 1;
0.184304 0.17254 0.145089 1;
0.180392 0.176471 0.14902 1;
0.184314 0.180392 0.152941 1;
0.192147 0.188226 0.160775 1;
0.192157 0.188235 0.160784 1;
0.20389 0.192147 0.164696 1;
0.207843 0.196078 0.168627 1;
0.215667 0.199991 0.17254 1;
0.219608 0.203922 0.176471 1;
0.223529 0.207843 0.180392 1;
0.223529 0.207843 0.180392 1;
0.227451 0.215686 0.184314 1;
0.227451 0.215686 0.184314 1;
0.227443 0.215668 0.184305 1;
0.223529 0.207843 0.180392 1;
0.223529 0.207843 0.180392 1;
0.223529 0.207843 0.180392 1;
0.219608 0.203922 0.176471 1;
0.215686 0.2 0.172549 1;
0.207843 0.196078 0.168627 1;
0.203922 0.192157 0.164706 1;
0.192157 0.188235 0.160784 1;
0.192147 0.188226 0.160775 1;
0.184314 0.180392 0.152941 1;
0.184304 0.180383 0.152932 1;
0.176471 0.172549 0.145098 1;
0.184304 0.17254 0.145089 1;
0.176471 0.164706 0.137255 1;
0.172541 0.160776 0.133325 1;
0.164706 0.152941 0.12549 1;
0.160784 0.14902 0.129412 1;
0.156853 0.145089 0.125481 1;
0.152919 0.141176 0.121569 1;
0.141176 0.137255 0.117647 1;
0.133333 0.129412 0.109804 1;
0.12549 0.121569 0.101961 1;
0.121569 0.117647 0.0980392 1;
0.117638 0.113716 0.101951 1;
0.109795 0.105873 0.0941083 1;
0.105882 0.101961 0.0901961 1;
0.101961 0.0980392 0.0862745 1;
0.0941176 0.0901961 0.0823529 1;
0.0862745 0.0862745 0.0745098 1;
0.0862745 0.0823529 0.0705882 1;
0.0784314 0.0745098 0.0627451 1;
0.0745098 0.0705882 0.0588235 1;
0.0705882 0.0666667 0.0588235 1;
0.0627451 0.0588235 0.054902 1;
0.0588235 0.054902 0.0509804 1;
0.0588235 0.0509804 0.0470588 1;
0.0509804 0.0431373 0.0392157 1;
0.0431373 0.0392157 0.0352941 1;
0.0431373 0.0392157 0.0352941 1;
0.0392157 0.0313725 0.027451 1;
0.0352941 0.027451 0.027451 1;
0.027451 0.0235294 0.0196078 1;
0.027451 0.0196078 0.0156863 1;
0.027451 0.0196078 0.0156863 1;
0.0156863 0.0156863 0.0117647 1;
0.0156863 0.0156863 0.0156863 1;
0.0156863 0.0156863 0.0156863 1;
0.0117647 0.0117647 0.0117647 1;
0.00784314 0.00784314 0.00784314 1;
0.00784314 0.00784314 0.00784314 1;
0.00392157 0.00392157 0.00392157 1;
0.00392157 0.00392157 0.00392157 1;
0.00392157 0.00392157 0.00392157 1;
0.00392157 0.00392157 0.00392157 1;
0 0 0 1;
0 0 0 1;
0 0 0 1;
0 0 0 1;
0 0 0 1;
0 0 0 1;
0 0 0 1;
0 0 0 1;
0 0 0 1;
0 0 0 1;
0.00392157 0.00392157 0.00392157 1;
0.00392157 0.00392157 0.00392157 1;
0.00392157 0.00392157 0.00392157 1;
0.00392157 0.00392157 0.00392157 1;
0.00784314 0.00784314 0.00784314 1;
0.0117647 0.0117647 0.0117647 1;
0.0117647 0.0117647 0.0117647 1;
0.0156863 0.0156863 0.0156863 1;
0.0156863 0.0156863 0.0117647 1;
0.0235294 0.0156863 0.0156863 1;
0.027451 0.0196078 0.0156863 1;
0.027451 0.0235294 0.0196078 1;
0.0352941 0.027451 0.027451 1;
0.0392157 0.0352941 0.0313725 1;
0.0431373 0.0392157 0.0352941 1;
0.0470588 0.0392157 0.0392157 1;
0.054902 0.0470588 0.0431373 1;
0.0588235 0.054902 0.0509804 1;
0.0627451 0.0588235 0.054902 1;
0.0705882 0.0666667 0.0588235 1;
0.0745098 0.0705882 0.0588235 1;
0.0823529 0.0784314 0.0666667 1;
0.0862745 0.0823529 0.0705882 1;
0.0901961 0.0862745 0.0784314 1;
0.0980392 0.0941176 0.0862745 1;
0.105882 0.101961 0.0901961 1;
0.109804 0.105882 0.0941176 1;
0.117647 0.113725 0.101961 1;
0.12549 0.121569 0.101961 1;
0.129412 0.12549 0.105882 1;
0.137255 0.133333 0.113725 1;
0.152919 0.141176 0.121569 1;
0.160784 0.14902 0.129412 1;
0.164706 0.152941 0.12549 1;
0.172549 0.160784 0.133333 1;
0.180384 0.168619 0.141168 1;
0.176492 0.172549 0.145098 1;
0.184314 0.180392 0.152941 1;
0.192147 0.188226 0.160775 1;
0.192157 0.188235 0.160784 1;
0.207843 0.196078 0.168627 1;
0.22352 0.207835 0.180383 1;
0.223529 0.207843 0.180392 1;
0.231373 0.219608 0.188235 1;
0.235286 0.223521 0.192148 1;
0.239216 0.227451 0.196078 1;
0.247049 0.239195 0.196091 1;
0.25098 0.243137 0.2 1;
0.25098 0.243137 0.2 1;
0.262726 0.250971 0.207835 1;
0.266657 0.254893 0.215667 1;
0.270588 0.262745 0.219608 1;
0.27451 0.266667 0.223529 1;
0.278431 0.270588 0.227451 1;
0.278431 0.270588 0.227451 1;
0.278422 0.270579 0.227442 1;
0.27451 0.266667 0.223529 1;
0.270588 0.262745 0.219608 1;
0.266657 0.254893 0.215667 1;
0.262726 0.250971 0.207835 1;
0.254893 0.247049 0.203912 1;
0.25098 0.243137 0.2 1;
0.250972 0.243129 0.199992 1;
0.243137 0.231373 0.2 1;
0.239216 0.227451 0.196078 1;
0.235286 0.223521 0.192148 1;
0.231363 0.219598 0.188226 1;
0.223529 0.207843 0.180392 1;
0.219608 0.203922 0.176471 1;
0.207843 0.196078 0.168627 1;
0.20389 0.192147 0.164696 1;
0.192147 0.188226 0.160775 1;
0.184304 0.180383 0.152932 1;
0.180384 0.176462 0.149011 1;
0.180392 0.168627 0.141176 1;
0.172549 0.160784 0.133333 1;
0.164706 0.152941 0.12549 1;
0.160784 0.14902 0.129412 1;
0.152941 0.141176 0.121569 1;
0.141176 0.137255 0.117647 1;
0.133324 0.129402 0.109795 1;
0.12549 0.121569 0.101961 1;
0.117647 0.113725 0.101961 1;
0.109804 0.105882 0.0941176 1;
0.105882 0.101961 0.0901961 1;
0.101961 0.0980392 0.0862745 1;
0.0941176 0.0901961 0.0823529 1;
0.0862745 0.0823529 0.0705882 1;
0.0823529 0.0784314 0.0666667 1;
0.0784314 0.0745098 0.0627451 1;
0.0705882 0.0666667 0.0588235 1;
0.0627451 0.0588235 0.054902 1;
0.0588235 0.054902 0.0509804 1;
0.054902 0.0470588 0.0431373 1;
0.0509804 0.0431373 0.0392157 1;
0.0431373 0.0392157 0.0352941 1;
0.0392157 0.0352941 0.0313725 1;
0.0352941 0.027451 0.027451 1;
0.0313725 0.027451 0.0235294 1;
0.027451 0.0196078 0.0156863 1;
0.0235294 0.0156863 0.0156863 1;
0.0156863 0.0156863 0.0117647 1;
0.0156863 0.0156863 0.0156863 1;
0.0117647 0.0117647 0.0117647 1;
0.0117647 0.0117647 0.0117647 1;
0.00784314 0.00784314 0.00784314 1;
0.00392157 0.00392157 0.00392157 1;
0.00392157 0.00392157 0.00392157 1;
0.00392157 0.00392157 0.00392157 1;
0.00392157 0.00392157 0.00392157 1;
0 0 0 1;
0 0 0 1;
0 0 0 1;
0 0 0 1;
0 0 0 1;
0 0 0 1;
0 0 0 1;
0 0 0 1;
0 0 0 1;
0 0 0 1;
0.00392157 0.00392157 0.00392157 1;
0.00392157 0.00392157 0.00392157 1;
0.00392157 0.00392157 0.00392157 1;
0.00784314 0.00784314 0.00784314 1;
0.0117647 0.0117647 0.0117647 1;
0.0117647 0.0117647 0.0117647 1;
0.0156863 0.0156863 0.0156863 1;
0.0156863 0.0156863 0.0117647 1;
0.0235294 0.0156863 0.0156863 1;
0.027451 0.0196078 0.0156863 1;
0.027451 0.0235294 0.0196078 1;
0.0352941 0.027451 0.027451 1;
0.0392157 0.0352941 0.0313725 1;
0.0431373 0.0392157 0.0352941 1;
0.0470588 0.0392157 0.0392157 1;
0.0588235 0.0509804 0.0470588 1;
0.0588235 0.054902 0.0509804 1;
0.0627451 0.0588235 0.054902 1;
0.0745098 0.0705882 0.0588235 1;
0.0784314 0.0745098 0.0627451 1;
0.0862745 0.0823529 0.0705882 1;
0.0862745 0.0862745 0.0745098 1;
0.0941176 0.0901961 0.0823529 1;
0.105882 0.101961 0.0901961 1;
0.109804 0.105882 0.0941176 1;
0.121569 0.117647 0.0980392 1;
0.12549 0.121569 0.101961 1;
0.133333 0.129412 0.109804 1;
0.141176 0.137255 0.117647 1;
0.156853 0.145089 0.125481 1;
0.164706 0.152941 0.133333 1;
0.168627 0.156863 0.129412 1;
0.180384 0.168619 0.141168 1;
0.176471 0.172549 0.145098 1;
0.184314 0.180392 0.152941 1;
0.192157 0.188235 0.160784 1;
0.203922 0.192157 0.164706 1;
0.2196 0.203914 0.176463 1;
0.223529 0.207843 0.180392 1;
0.227451 0.215686 0.184314 1;
0.235286 0.223521 0.192148 1;
0.243129 0.231364 0.199992 1;
0.247059 0.239216 0.196078 1;
0.25098 0.243137 0.2 1;
0.262726 0.250971 0.207835 1;
0.270588 0.262745 0.219608 1;
0.278431 0.270588 0.227451 1;
0.278431 0.270588 0.227451 1;
0.286265 0.278422 0.235285 1;
0.290196 0.282353 0.239216 1;
0.298039 0.286274 0.239216 1;
0.301961 0.282353 0.243137 1;
0.305882 0.286274 0.247059 1;
0.309804 0.290196 0.25098 1;
0.309804 0.290196 0.25098 1;
0.309795 0.290187 0.250971 1;
0.305874 0.286266 0.24705 1;
0.30195 0.282364 0.243126 1;
0.29802 0.286265 0.239217 1;
0.286274 0.278431 0.235294 1;
0.282353 0.27451 0.231373 1;
0.278431 0.270588 0.227451 1;
0.27451 0.266667 0.223529 1;
0.270579 0.262726 0.219598 1;
0.262745 0.25098 0.207843 1;
0.25098 0.243137 0.2 1;
0.250972 0.243129 0.199992 1;
0.243129 0.231364 0.199992 1;
0.235286 0.223521 0.192148 1;
0.231363 0.219598 0.188226 1;
0.223529 0.207843 0.180392 1;
0.219608 0.203922 0.176471 1;
0.207835 0.196069 0.168618 1;
0.192157 0.188235 0.160784 1;
0.184314 0.180392 0.152941 1;
0.180384 0.176462 0.149011 1;
0.184314 0.172549 0.145098 1;
0.176461 0.164696 0.137246 1;
0.164706 0.152941 0.12549 1;
0.160784 0.14902 0.129412 1;
0.152919 0.141176 0.121569 1;
0.137255 0.133333 0.113725 1;
0.129412 0.12549 0.105882 1;
0.12549 0.121569 0.101961 1;
0.113725 0.109804 0.0980392 1;
0.105882 0.101961 0.0901961 1;
0.101961 0.0980392 0.0862745 1;
0.0941176 0.0901961 0.0823529 1;
0.0862745 0.0823529 0.0705882 1;
0.0823529 0.0784314 0.0666667 1;
0.0784314 0.0745098 0.0627451 1;
0.0705882 0.0666667 0.0588235 1;
0.0627451 0.0588235 0.054902 1;
0.0588235 0.054902 0.0509804 1;
0.054902 0.0470588 0.0431373 1;
0.0470588 0.0392157 0.0392157 1;
0.0431373 0.0392157 0.0352941 1;
0.0392157 0.0313725 0.027451 1;
0.0352941 0.027451 0.027451 1;
0.027451 0.0235294 0.0196078 1;
0.027451 0.0196078 0.0156863 1;
0.0235294 0.0156863 0.0156863 1;
0.0156863 0.0156863 0.0156863 1;
0.0156863 0.0156863 0.0156863 1;
0.0117647 0.0117647 0.0117647 1;
0.00784314 0.00784314 0.00784314 1;
0.00392157 0.00392157 0.00392157 1;
0.00392157 0.00392157 0.00392157 1;
0.00392157 0.00392157 0.00392157 1;
0.00392157 0.00392157 0.00392157 1;
0 0 0 1;
0 0 0 1;
0 0 0 1;
0 0 0 1;
0 0 0 1;
0 0 0 1;
0 0 0 1;
0 0 0 1;
0 0 0 1;
0.00392157 0.00392157 0.00392157 1;
0.00392157 0.00392157 0.00392157 1;
0.00392157 0.00392157 0.00392157 1;
0.00392157 0.00392157 0.00392157 1;
0.00784314 0.00784314 0.00784314 1;
0.0117647 0.0117647 0.0117647 1;
0.0117647 0.0117647 0.0117647 1;
0.0156863 0.0156863 0.0156863 1;
0.0156863 0.0156863 0.0117647 1;
0.027451 0.0196078 0.0156863 1;
0.027451 0.0196078 0.0156863 1;
0.0313725 0.027451 0.0235294 1;
0.0392157 0.0313725 0.027451 1;
0.0431373 0.0392157 0.0352941 1;
0.0470588 0.0392157 0.0392157 1;
0.054902 0.0470588 0.0431373 1;
0.0588235 0.0509804 0.0470588 1;
0.0588235 0.054902 0.0509804 1;
0.0705882 0.0666667 0.0588235 1;
0.0784314 0.0745098 0.0627451 1;
0.0823529 0.0784314 0.0666667 1;
0.0862745 0.0823529 0.0705882 1;
0.0901961 0.0862745 0.0784314 1;
0.101961 0.0980392 0.0862745 1;
0.105882 0.101961 0.0901961 1;
0.113725 0.109804 0.0980392 1;
0.12549 0.121569 0.101961 1;
0.129412 0.12549 0.105882 1;
0.137255 0.133333 0.113725 1;
0.152919 0.141176 0.121569 1;
0.160784 0.14902 0.129412 1;
0.164706 0.152941 0.12549 1;
0.176461 0.164696 0.137246 1;
0.184314 0.172549 0.145098 1;
0.180392 0.176471 0.14902 1;
0.192147 0.188226 0.160775 1;
0.192157 0.188235 0.160784 1;
0.207843 0.196078 0.168627 1;
0.219608 0.203922 0.176471 1;
0.223529 0.207843 0.180392 1;
0.231373 0.219608 0.188235 1;
0.239206 0.227442 0.196069 1;
0.243137 0.231373 0.2 1;
0.25098 0.243137 0.2 1;
0.254902 0.247059 0.203922 1;
0.266657 0.254893 0.215667 1;
0.270588 0.262745 0.219608 1;
0.278431 0.270588 0.227451 1;
0.278431 0.270588 0.227451 1;
0.286265 0.278422 0.235285 1;
0.290196 0.282353 0.239216 1;
0.298039 0.286274 0.239216 1;
0.301961 0.282353 0.243137 1;
0.305882 0.286274 0.247059 1;
0.309804 0.290196 0.25098 1;
0.309804 0.290196 0.25098 1;
0.309795 0.290187 0.250971 1;
0.305874 0.286266 0.24705 1;
0.30195 0.282364 0.243126 1;
0.29802 0.286265 0.239217 1;
0.286274 0.278431 0.235294 1;
0.282353 0.27451 0.231373 1;
0.278431 0.270588 0.227451 1;
0.27451 0.266667 0.223529 1;
0.270579 0.262726 0.219598 1;
0.254902 0.247059 0.203922 1;
0.25098 0.243137 0.2 1;
0.247049 0.239195 0.196091 1;
0.239216 0.227451 0.196078 1;
0.231373 0.219608 0.188235 1;
0.227451 0.215686 0.184314 1;
0.223529 0.207843 0.180392 1;
0.215686 0.2 0.172549 1;
0.203922 0.192157 0.164706 1;
0.192157 0.188235 0.160784 1;
0.184304 0.180383 0.152932 1;
0.176492 0.172549 0.145098 1;
0.176471 0.164706 0.137255 1;
0.168627 0.156863 0.129412 1;
0.164706 0.152941 0.133333 1;
0.156853 0.145089 0.125481 1;
0.141176 0.137255 0.117647 1;
0.133333 0.129412 0.109804 1;
0.12549 0.121569 0.101961 1;
0.121569 0.117647 0.0980392 1;
0.109804 0.105882 0.0941176 1;
0.105882 0.101961 0.0901961 1;
0.0980392 0.0941176 0.0862745 1;
0.0901961 0.0862745 0.0784314 1;
0.0862745 0.0823529 0.0705882 1;
0.0784314 0.0745098 0.0627451 1;
0.0745098 0.0705882 0.0588235 1;
0.0666667 0.0627451 0.054902 1;
0.0588235 0.054902 0.0509804 1;
0.0588235 0.0509804 0.0470588 1;
0.0509804 0.0431373 0.0392157 1;
0.0431373 0.0392157 0.0352941 1;
0.0392157 0.0352941 0.0313725 1;
0.0392157 0.0313725 0.027451 1;
0.0313725 0.027451 0.0235294 1;
0.027451 0.0196078 0.0156863 1;
0.027451 0.0196078 0.0156863 1;
0.0156863 0.0156863 0.0117647 1;
0.0156863 0.0156863 0.0156863 1;
0.0117647 0.0117647 0.0117647 1;
0.0117647 0.0117647 0.0117647 1;
0.00784314 0.00784314 0.00784314 1;
0.00392157 0.00392157 0.00392157 1;
0.00392157 0.00392157 0.00392157 1;
0.00392157 0.00392157 0.00392157 1;
0.00392157 0.00392157 0.00392157 1;
0 0 0 1;
0 0 0 1;
0 0 0 1;
0 0 0 1;
0 0 0 1;
0 0 0 1;
0 0 0 1;
0 0 0 1;
0 0 0 1;
0 0 0 1;
0.00392157 0.00392157 0.00392157 1;
0.00392157 0.00392157 0.00392157 1;
0.00392157 0.00392157 0.00392157 1;
0.00784314 0.00784314 0.00784314 1;
0.0117647 0.0117647 0.0117647 1;
0.0117647 0.0117647 0.0117647 1;
0.0156863 0.0156863 0.0156863 1;
0.0156863 0.0156863 0.0117647 1;
0.0235294 0.0156863 0.0156863 1;
0.027451 0.0196078 0.0156863 1;
0.027451 0.0235294 0.0196078 1;
0.0352941 0.027451 0.027451 1;
0.0392157 0.0352941 0.0313725 1;
0.0431373 0.0392157 0.0352941 1;
0.0470588 0.0392157 0.0392157 1;
0.054902 0.0470588 0.0431373 1;
0.0588235 0.054902 0.0509804 1;
0.0627451 0.0588235 0.054902 1;
0.0705882 0.0666667 0.0588235 1;
0.0784314 0.0745098 0.0627451 1;
0.0823529 0.0784314 0.0666667 1;
0.0862745 0.0823529 0.0705882 1;
0.0901961 0.0862745 0.0784314 1;
0.0980392 0.0941176 0.0862745 1;
0.105882 0.101961 0.0901961 1;
0.109804 0.105882 0.0941176 1;
0.117647 0.113725 0.101961 1;
0.12549 0.121569 0.101961 1;
0.133324 0.129402 0.109795 1;
0.141176 0.137255 0.117647 1;
0.152941 0.141176 0.121569 1;
0.160784 0.14902 0.129412 1;
0.164706 0.152941 0.12549 1;
0.176461 0.164696 0.137246 1;
0.184304 0.17254 0.145089 1;
0.180392 0.176471 0.14902 1;
0.184314 0.180392 0.152941 1;
0.192157 0.188235 0.160784 1;
0.203922 0.192157 0.164706 1;
0.215686 0.2 0.172549 1;
0.223529 0.207843 0.180392 1;
0.227443 0.215668 0.184305 1;
0.231373 0.219608 0.188235 1;
0.235294 0.223529 0.192157 1;
0.243129 0.231364 0.199992 1;
0.247059 0.239216 0.196078 1;
0.25098 0.243137 0.2 1;
0.25098 0.243137 0.2 1;
0.254902 0.247059 0.203922 1;
0.262745 0.25098 0.207843 1;
0.270579 0.262726 0.219598 1;
0.274502 0.266659 0.223522 1;
0.27451 0.266667 0.223529 1;
0.278431 0.270588 0.227451 1;
0.278431 0.270588 0.227451 1;
0.278422 0.270579 0.227442 1;
0.27451 0.266667 0.223529 1;
0.266667 0.254902 0.215686 1;
0.262745 0.25098 0.207843 1;
0.254893 0.247049 0.203912 1;
0.25098 0.243137 0.2 1;
0.247059 0.239216 0.196078 1;
0.243137 0.231373 0.2 1;
0.239206 0.227442 0.196069 1;
0.231373 0.219608 0.188235 1;
0.227451 0.215686 0.184314 1;
0.223529 0.207843 0.180392 1;
0.215686 0.2 0.172549 1;
0.207835 0.196069 0.168618 1;
0.192157 0.188235 0.160784 1;
0.188235 0.184314 0.156863 1;
0.180392 0.176471 0.14902 1;
0.184314 0.172549 0.145098 1;
0.176471 0.164706 0.137255 1;
0.172541 0.160776 0.133325 1;
0.164706 0.152941 0.125512 1;
0.160775 0.14901 0.129402 1;
0.145098 0.141176 0.121569 1;
0.137255 0.133333 0.113725 1;
0.129412 0.12549 0.105882 1;
0.12549 0.121569 0.101961 1;
0.117647 0.113725 0.101961 1;
0.109804 0.105882 0.0941176 1;
0.105882 0.101961 0.0901961 1;
0.0980392 0.0941176 0.0862745 1;
0.0901961 0.0862745 0.0784314 1;
0.0862745 0.0823529 0.0705882 1;
0.0823529 0.0784314 0.0666667 1;
0.0784314 0.0745098 0.0627451 1;
0.0705882 0.0666667 0.0588235 1;
0.0627451 0.0588235 0.054902 1;
0.0588235 0.054902 0.0509804 1;
0.054902 0.0470588 0.0431373 1;
0.0509804 0.0431373 0.0392157 1;
0.0431373 0.0392157 0.0352941 1;
0.0392157 0.0352941 0.0313725 1;
0.0352941 0.027451 0.027451 1;
0.0313725 0.027451 0.0235294 1;
0.027451 0.0196078 0.0156863 1;
0.027451 0.0196078 0.0156863 1;
0.0156863 0.0156863 0.0117647 1;
0.0156863 0.0156863 0.0156863 1;
0.0156863 0.0156863 0.0156863 1;
0.0117647 0.0117647 0.0117647 1;
0.0117647 0.0117647 0.0117647 1;
0.00784314 0.00784314 0.00784314 1;
0.00392157 0.00392157 0.00392157 1;
0.00392157 0.00392157 0.00392157 1;
0.00392157 0.00392157 0.00392157 1;
0.00392157 0.00392157 0.00392157 1;
0 0 0 1;
0 0 0 1;
0 0 0 1;
0 0 0 1;
0 0 0 1;
0 0 0 1;
0 0 0 1;
0 0 0 1;
0 0 0 1;
0 0 0 1;
0.00392157 0.00392157 0.00392157 1;
0.00392157 0.00392157 0.00392157 1;
0.00392157 0.00392157 0.00392157 1;
0.00392157 0.00392157 0.00392157 1;
0.00784314 0.00784314 0.00784314 1;
0.0117647 0.0117647 0.0117647 1;
0.0117647 0.0117647 0.0117647 1;
0.0156863 0.0156863 0.0156863 1;
0.0156863 0.0156863 0.0117647 1;
0.0235294 0.0156863 0.0156863 1;
0.027451 0.0196078 0.0156863 1;
0.027451 0.0235294 0.0196078 1;
0.0313725 0.027451 0.0235294 1;
0.0392157 0.0313725 0.027451 1;
0.0392157 0.0352941 0.0313725 1;
0.0431373 0.0392157 0.0352941 1;
0.0509804 0.0431373 0.0392157 1;
0.0588235 0.0509804 0.0470588 1;
0.0588235 0.054902 0.0509804 1;
0.0627451 0.0588235 0.054902 1;
0.0705882 0.0666667 0.0588235 1;
0.0745098 0.0705882 0.0588235 1;
0.0784314 0.0745098 0.0627451 1;
0.0862745 0.0823529 0.0705882 1;
0.0862745 0.0862745 0.0745098 1;
0.0941176 0.0901961 0.0823529 1;
0.0980392 0.0941176 0.0862745 1;
0.105882 0.101961 0.0901961 1;
0.109804 0.105882 0.0941176 1;
0.117647 0.113725 0.101961 1;
0.125481 0.121559 0.101951 1;
0.129403 0.125482 0.105874 1;
0.133333 0.129412 0.109804 1;
0.141176 0.137255 0.117647 1;
0.145098 0.141176 0.121569 1;
0.156863 0.145098 0.12549 1;
0.164698 0.152933 0.133325 1;
0.164706 0.152941 0.12549 1;
0.172549 0.160784 0.133333 1;
0.180384 0.168619 0.141168 1;
0.184314 0.172549 0.145098 1;
0.176471 0.172549 0.145098 1;
0.184304 0.180383 0.152932 1;
0.188227 0.184305 0.156854 1;
0.192157 0.188235 0.160784 1;
0.192157 0.188235 0.160784 1;
0.207835 0.196069 0.168618 1;
0.215686 0.2 0.172549 1;
0.2196 0.203914 0.176463 1;
0.219608 0.203922 0.176471 1;
0.223529 0.207843 0.180392 1;
0.223529 0.207843 0.180392 1;
0.223529 0.207843 0.180392 1;
0.227451 0.215686 0.184314 1;
0.227451 0.215686 0.184314 1;
0.227443 0.215668 0.184305 1;
0.223529 0.207843 0.180392 1;
0.219608 0.203922 0.176471 1;
0.215686 0.2 0.172549 1;
0.207843 0.196078 0.168627 1;
0.207835 0.196069 0.168618 1;
0.192157 0.188235 0.160784 1;
0.192157 0.188235 0.160784 1;
0.184314 0.180392 0.152941 1;
0.180392 0.176471 0.14902 1;
0.176492 0.172549 0.145098 1;
0.180392 0.168627 0.141176 1;
0.176471 0.164706 0.137255 1;
0.168627 0.156863 0.129412 1;
0.164706 0.152941 0.12549 1;
0.164698 0.152933 0.133325 1;
0.152941 0.141176 0.121569 1;
0.145089 0.141167 0.121559 1;
0.137255 0.133333 0.113725 1;
0.133324 0.129402 0.109795 1;
0.12549 0.121569 0.101961 1;
0.121569 0.117647 0.0980392 1;
0.113725 0.109804 0.0980392 1;
0.105882 0.101961 0.0901961 1;
0.105874 0.101953 0.0901882 1;
0.0980392 0.0941176 0.0862745 1;
0.0901961 0.0862745 0.0784314 1;
0.0862745 0.0862745 0.0745098 1;
0.0862745 0.0823529 0.0705882 1;
0.0784314 0.0745098 0.0627451 1;
0.0745098 0.0705882 0.0588235 1;
0.0666667 0.0627451 0.054902 1;
0.0627451 0.0588235 0.054902 1;
0.0588235 0.054902 0.0509804 1;
0.0588235 0.0509804 0.0470588 1;
0.0509804 0.0431373 0.0392157 1;
0.0470588 0.0392157 0.0392157 1;
0.0431373 0.0392157 0.0352941 1;
0.0392157 0.0352941 0.0313725 1;
0.0352941 0.027451 0.027451 1;
0.0313725 0.027451 0.0235294 1;
0.027451 0.0196078 0.0156863 1;
0.027451 0.0196078 0.0156863 1;
0.0235294 0.0156863 0.0156863 1;
0.0156863 0.0156863 0.0156863 1;
0.0156863 0.0156863 0.0156863 1;
0.0117647 0.0117647 0.0117647 1;
0.0117647 0.0117647 0.0117647 1;
0.00784314 0.00784314 0.00784314 1;
0.00784314 0.00784314 0.00784314 1;
0.00392157 0.00392157 0.00392157 1;
0.00392157 0.00392157 0.00392157 1;
0.00392157 0.00392157 0.00392157 1;
0.00392157 0.00392157 0.00392157 1;
0 0 0 1;
0 0 0 1;
0 0 0 1;
0 0 0 1;
0 0 0 1;
0 0 0 1;
0 0 0 1;
0 0 0 1;
0 0 0 1;
0 0 0 1;
0 0 0 1;
0.00392157 0.00392157 0.00392157 1;
0.00392157 0.00392157 0.00392157 1;
0.00392157 0.00392157 0.00392157 1;
0.00392157 0.00392157 0.00392157 1;
0.00392157 0.00392157 0.00392157 1;
0.00784314 0.00784314 0.00784314 1;
0.0117647 0.0117647 0.0117647 1;
0.0117647 0.0117647 0.0117647 1;
0.0156863 0.0156863 0.0156863 1;
0.0156863 0.0156863 0.0156863 1;
0.0156863 0.0156863 0.0117647 1;
0.0235294 0.0156863 0.0156863 1;
0.027451 0.0196078 0.0156863 1;
0.027451 0.0196078 0.0156863 1;
0.0313725 0.027451 0.0235294 1;
0.0352941 0.027451 0.027451 1;
0.0392157 0.0313725 0.027451 1;
0.0431373 0.0392157 0.0352941 1;
0.0431373 0.0392157 0.0352941 1;
0.0470588 0.0392157 0.0392157 1;
0.0509804 0.0431373 0.0392157 1;
0.0588235 0.0509804 0.0470588 1;
0.0588235 0.054902 0.0509804 1;
0.0627451 0.0588235 0.054902 1;
0.0666667 0.0627451 0.054902 1;
0.0745098 0.0705882 0.0588235 1;
0.0784314 0.0745098 0.0627451 1;
0.0784314 0.0745098 0.0627451 1;
0.0862745 0.0823529 0.0705882 1;
0.0862745 0.0823529 0.0705882 1;
0.0901867 0.0862753 0.078422 1;
0.0941176 0.0901961 0.0823529 1;
0.0980392 0.0941176 0.0862745 1;
0.101961 0.0980392 0.0862745 1;
0.105882 0.101961 0.0901961 1;
0.109804 0.105882 0.0941176 1;
0.113725 0.109804 0.0980392 1;
0.12156 0.117639 0.0980526 1;
0.12549 0.121569 0.101961 1;
0.12549 0.121569 0.101961 1;
0.129403 0.125482 0.105874 1;
0.133333 0.129412 0.109804 1;
0.137255 0.133333 0.113725 1;
0.141176 0.137255 0.117647 1;
0.145098 0.141176 0.121569 1;
0.145098 0.141176 0.121569 1;
0.152941 0.141176 0.121569 1;
0.156863 0.145098 0.12549 1;
0.160784 0.14902 0.129412 1;
0.164698 0.152933 0.133325 1;
0.164706 0.152941 0.133333 1;
0.164706 0.152941 0.12549 1;
0.164706 0.152941 0.125512 1;
0.164706 0.152941 0.12549 1;
0.164706 0.152941 0.12549 1;
0.164706 0.152941 0.12549 1;
0.164706 0.152941 0.133333 1;
0.164698 0.152933 0.133325 1;
0.156863 0.145098 0.12549 1;
0.152941 0.141176 0.121569 1;
0.145098 0.141176 0.121569 1;
0.145098 0.141176 0.121569 1;
0.141176 0.137255 0.117647 1;
0.137255 0.133333 0.113725 1;
0.133333 0.129412 0.109804 1;
0.12549 0.121569 0.101961 1;
0.12549 0.121569 0.101961 1;
0.121569 0.117647 0.0980392 1;
0.117647 0.113725 0.101961 1;
0.113725 0.109804 0.0980392 1;
0.109804 0.105882 0.0941176 1;
0.105882 0.101961 0.0901961 1;
0.101951 0.0980298 0.0862753 1;
0.0941176 0.0901961 0.0823529 1;
0.0901961 0.0862745 0.0784314 1;
0.0862745 0.0862745 0.0745098 1;
0.0862745 0.0823529 0.0705882 1;
0.0823529 0.0784314 0.0666667 1;
0.0784314 0.0745098 0.0627451 1;
0.0745098 0.0705882 0.0588235 1;
0.0705882 0.0666667 0.0588235 1;
0.0666667 0.0627451 0.054902 1;
0.0627451 0.0588235 0.054902 1;
0.0588235 0.054902 0.0509804 1;
0.0588235 0.0509804 0.0470588 1;
0.0509804 0.0431373 0.0392157 1;
0.0470588 0.0392157 0.0392157 1;
0.0431373 0.0392157 0.0352941 1;
0.0431373 0.0392157 0.0352941 1;
0.0392157 0.0352941 0.0313725 1;
0.0352941 0.027451 0.027451 1;
0.0313725 0.027451 0.0235294 1;
0.027451 0.0235294 0.0196078 1;
0.027451 0.0196078 0.0156863 1;
0.027451 0.0196078 0.0156863 1;
0.0235294 0.0156863 0.0156863 1;
0.0156863 0.0156863 0.0117647 1;
0.0156863 0.0156863 0.0156863 1;
0.0156863 0.0156863 0.0156863 1;
0.0117647 0.0117647 0.0117647 1;
0.0117647 0.0117647 0.0117647 1;
0.00784314 0.00784314 0.00784314 1;
0.00784314 0.00784314 0.00784314 1;
0.00392157 0.00392157 0.00392157 1;
0.00392157 0.00392157 0.00392157 1;
0.00392157 0.00392157 0.00392157 1;
0.00392157 0.00392157 0.00392157 1;
0.00392157 0.00392157 0.00392157 1;
0 0 0 1;
0 0 0 1;
0 0 0 1;
0 0 0 1;
0 0 0 1;
0 0 0 1;
0 0 0 1;
0 0 0 1;
0 0 0 1;
0 0 0 1;
0 0 0 1;
0 0 0 1;
0 0 0 1;
0.00392157 0.00392157 0.00392157 1;
0.00392157 0.00392157 0.00392157 1;
0.00392157 0.00392157 0.00392157 1;
0.00392157 0.00392157 0.00392157 1;
0.00392157 0.00392157 0.00392157 1;
0.00392157 0.00392157 0.00392157 1;
0.00784314 0.00784314 0.00784314 1;
0.00784314 0.00784314 0.00784314 1;
0.0117647 0.0117647 0.0117647 1;
0.0117647 0.0117647 0.0117647 1;
0.0156863 0.0156863 0.0156863 1;
0.0156863 0.0156863 0.0156863 1;
0.0156863 0.0156863 0.0117647 1;
0.0156863 0.0156863 0.0117647 1;
0.0235294 0.0156863 0.0156863 1;
0.027451 0.0196078 0.0156863 1;
0.027451 0.0196078 0.0156863 1;
0.027451 0.0235294 0.0196078 1;
0.0313725 0.027451 0.0235294 1;
0.0352941 0.027451 0.027451 1;
0.0392157 0.0313725 0.027451 1;
0.0392157 0.0352941 0.0313725 1;
0.0431373 0.0392157 0.0352941 1;
0.0431373 0.0392157 0.0352941 1;
0.0470588 0.0392157 0.0392157 1;
0.0509804 0.0431373 0.0392157 1;
0.0509804 0.0431373 0.0392157 1;
0.054902 0.0470588 0.0431373 1;
0.0588235 0.0509804 0.0470588 1;
0.0588235 0.054902 0.0509804 1;
0.0588235 0.054902 0.0509804 1;
0.0627451 0.0588235 0.054902 1;
0.0666667 0.0627451 0.054902 1;
0.0705789 0.0666573 0.0588134 1;
0.0745014 0.0705798 0.0588249 1;
0.078422 0.0745004 0.0627357 1;
0.0784314 0.0745098 0.0627451 1;
0.0784314 0.0745098 0.0627451 1;
0.0823529 0.0784314 0.0666667 1;
0.0823529 0.0784314 0.0666667 1;
0.0862745 0.0823529 0.0705882 1;
0.0862745 0.0823529 0.0705882 1;
0.0862758 0.0862648 0.0745014 1;
0.0862745 0.0862745 0.0745098 1;
0.0901961 0.0862745 0.0784314 1;
0.0901961 0.0862745 0.0784314 1;
0.0901961 0.0862745 0.0784314 1;
0.0941176 0.0901961 0.0823529 1;
0.0941176 0.0901961 0.0823529 1;
0.0980392 0.0941176 0.0862745 1;
0.0980392 0.0941176 0.0862745 1;
0.101961 0.0980392 0.0862745 1;
0.0980392 0.0941176 0.0862745 1;
0.0980392 0.0941176 0.0862745 1;
0.0980392 0.0941176 0.0862745 1;
0.0980298 0.0941083 0.0862644 1;
0.0941176 0.0901961 0.0823529 1;
0.0941083 0.0901867 0.0823436 1;
0.0862745 0.0862745 0.0745098 1;
0.0862758 0.0862648 0.0745014 1;
0.0862745 0.0823529 0.0705882 1;
0.0862745 0.0823529 0.0705882 1;
0.0862745 0.0823529 0.0705882 1;
0.0823529 0.0784314 0.0666667 1;
0.0784314 0.0745098 0.0627451 1;
0.0784314 0.0745098 0.0627451 1;
0.0745098 0.0705882 0.0588235 1;
0.0745098 0.0705882 0.0588235 1;
0.0705882 0.0666667 0.0588235 1;
0.0666667 0.0627451 0.054902 1;
0.0627451 0.0588235 0.054902 1;
0.0588235 0.054902 0.0509804 1;
0.0588235 0.054902 0.0509804 1;
0.0588235 0.0509804 0.0470588 1;
0.0588134 0.050971 0.0470494 1;
0.054902 0.0470588 0.0431373 1;
0.0509804 0.0431373 0.0392157 1;
0.0431373 0.0392157 0.0352941 1;
0.0431373 0.0392157 0.0352941 1;
0.0431373 0.0392157 0.0352941 1;
0.0392157 0.0352941 0.0313725 1;
0.0392157 0.0313725 0.027451 1;
0.0352941 0.027451 0.027451 1;
0.0352941 0.027451 0.027451 1;
0.027451 0.0235294 0.0196078 1;
0.027451 0.0235294 0.0196078 1;
0.027451 0.0196078 0.0156863 1;
0.027451 0.0196078 0.0156863 1;
0.0235294 0.0156863 0.0156863 1;
0.0235294 0.0156863 0.0156863 1;
0.0156863 0.0156863 0.0117647 1;
0.0156863 0.0156863 0.0156863 1;
0.0156863 0.0156863 0.0156863 1;
0.0156863 0.0156863 0.0156863 1;
0.0117647 0.0117647 0.0117647 1;
0.0117647 0.0117647 0.0117647 1;
0.0117647 0.0117647 0.0117647 1;
0.00784314 0.00784314 0.00784314 1;
0.00392157 0.00392157 0.00392157 1;
0.00392157 0.00392157 0.00392157 1;
0.00392157 0.00392157 0.00392157 1;
0.00392157 0.00392157 0.00392157 1;
0.00392157 0.00392157 0.00392157 1;
0.00392157 0.00392157 0.00392157 1;
0.00392157 0.00392157 0.00392157 1;
0 0 0 1;
0 0 0 1;
0 0 0 1;
0 0 0 1;
0 0 0 1;
0 0 0 1;
0 0 0 1;
0 0 0 1;
0 0 0 1;
0 0 0 1;
0 0 0 1;
0 0 0 1;
0 0 0 1;
0 0 0 1;
0 0 0 1;
0 0 0 1;
0 0 0 1;
0 0 0 1;
0.00392157 0.00392157 0.00392157 1;
0.00392157 0.00392157 0.00392157 1;
0.00392157 0.00392157 0.00392157 1;
0.00392157 0.00392157 0.00392157 1;
0.00392157 0.00392157 0.00392157 1;
0.00392157 0.00392157 0.00392157 1;
0.00392157 0.00392157 0.00392157 1;
0.00784314 0.00784314 0.00784314 1;
0.00784314 0.00784314 0.00784314 1;
0.0117647 0.0117647 0.0117647 1;
0.0117647 0.0117647 0.0117647 1;
0.0117647 0.0117647 0.0117647 1;
0.0117647 0.0117647 0.0117647 1;
0.0156863 0.0156863 0.0156863 1;
0.0156863 0.0156863 0.0156863 1;
0.0156863 0.0156863 0.0156863 1;
0.0156863 0.0156863 0.0156863 1;
0.0156863 0.0156863 0.0117647 1;
0.0235294 0.0156863 0.0156863 1;
0.0235294 0.0156863 0.0156863 1;
0.027451 0.0196078 0.0156863 1;
0.027451 0.0196078 0.0156863 1;
0.027451 0.0196078 0.0156863 1;
0.027451 0.0196078 0.0156863 1;
0.027451 0.0235294 0.0196078 1;
0.027451 0.0235294 0.0196078 1;
0.0313725 0.027451 0.0235294 1;
0.0313725 0.027451 0.0235294 1;
0.0313725 0.027451 0.0235294 1;
0.0352941 0.027451 0.027451 1;
0.0352941 0.027451 0.027451 1;
0.0392157 0.0313725 0.027451 1;
0.0392164 0.0352847 0.0313632 1;
0.0392157 0.0352941 0.0313725 1;
0.0431288 0.0392059 0.0352857 1;
0.0431373 0.0392157 0.0352941 1;
0.0431373 0.0392157 0.0352941 1;
0.0431373 0.0392157 0.0352941 1;
0.0431373 0.0392157 0.0352941 1;
0.0431373 0.0392157 0.0352941 1;
0.0431373 0.0392157 0.0352941 1;
0.0470588 0.0392157 0.0392157 1;
0.0470588 0.0392157 0.0392157 1;
0.0470494 0.0392164 0.0392055 1;
0.0470588 0.0392157 0.0392157 1;
0.0470588 0.0392157 0.0392157 1;
0.0470588 0.0392157 0.0392157 1;
0.0509804 0.0431373 0.0392157 1;
0.0509804 0.0431373 0.0392157 1;
0.0509804 0.0431373 0.0392157 1;
0.0470588 0.0392157 0.0392157 1;
0.0470588 0.0392157 0.0392157 1;
0.0470588 0.0392157 0.0392157 1;
0.0470494 0.0392164 0.0392055 1;
0.0431373 0.0392157 0.0352941 1;
0.0431373 0.0392157 0.0352941 1;
0.0431373 0.0392157 0.0352941 1;
0.0431288 0.0392059 0.0352857 1;
0.0392157 0.0352941 0.0313725 1;
0.0392157 0.0352941 0.0313725 1;
0.0392157 0.0313725 0.027451 1;
0.0392157 0.0313725 0.027451 1;
0.0392157 0.0313725 0.027451 1;
0.0352941 0.027451 0.027451 1;
0.0352941 0.027451 0.027451 1;
0.0313725 0.027451 0.0235294 1;
0.027451 0.0235294 0.0196078 1;
0.027451 0.0235294 0.0196078 1;
0.027451 0.0235294 0.0196078 1;
0.027451 0.0196078 0.0156863 1;
0.027451 0.0196078 0.0156863 1;
0.027451 0.0196078 0.0156863 1;
0.0235294 0.0156863 0.0156863 1;
0.0235294 0.0156863 0.0156863 1;
0.0235091 0.0156925 0.0156761 1;
0.0156863 0.0156863 0.0117647 1;
0.0156863 0.0156863 0.0117647 1;
0.0156863 0.0156863 0.0156863 1;
0.0156863 0.0156863 0.0156863 1;
0.0156863 0.0156863 0.0156863 1;
0.0156863 0.0156863 0.0156863 1;
0.0117647 0.0117647 0.0117647 1;
0.0117647 0.0117647 0.0117647 1;
0.0117647 0.0117647 0.0117647 1;
0.0117647 0.0117647 0.0117647 1;
0.0117647 0.0117647 0.0117647 1;
0.00784314 0.00784314 0.00784314 1;
0.00784314 0.00784314 0.00784314 1;
0.00392157 0.00392157 0.00392157 1;
0.00392157 0.00392157 0.00392157 1;
0.00392157 0.00392157 0.00392157 1;
0.00392157 0.00392157 0.00392157 1;
0.00392157 0.00392157 0.00392157 1;
0.00392157 0.00392157 0.00392157 1;
0.00392157 0.00392157 0.00392157 1;
0.00392157 0.00392157 0.00392157 1;
0.00392157 0.00392157 0.00392157 1;
0.00392157 0.00392157 0.00392157 1;
0 0 0 1;
0 0 0 1;
0 0 0 1;
0 0 0 1;
0 0 0 1;
0 0 0 1;
0 0 0 1;
0 0 0 1;
0 0 0 1;
0 0 0 1;
0 0 0 1;
0 0 0 1;
0 0 0 1;
0 0 0 1;
0 0 0 1;
0 0 0 1;
0 0 0 1;
0 0 0 1;
0 0 0 1;
0 0 0 1;
0 0 0 1;
0 0 0 1;
0 0 0 1;
0 0 0 1;
0 0 0 1;
0 0 0 1;
0 0 0 1;
0.00392157 0.00392157 0.00392157 1;
0.00392157 0.00392157 0.00392157 1;
0.00392157 0.00392157 0.00392157 1;
0.00392157 0.00392157 0.00392157 1;
0.00392157 0.00392157 0.00392157 1;
0.00392157 0.00392157 0.00392157 1;
0.00392157 0.00392157 0.00392157 1;
0.00392157 0.00392157 0.00392157 1;
0.00392157 0.00392157 0.00392157 1;
0.00392157 0.00392157 0.00392157 1;
0.00392157 0.00392157 0.00392157 1;
0.00392157 0.00392157 0.00392157 1;
0.00392157 0.00392157 0.00392157 1;
0.00392157 0.00392157 0.00392157 1;
0.00392157 0.00392157 0.00392157 1;
0.00784314 0.00784314 0.00784314 1;
0.00784314 0.00784314 0.00784314 1;
0.00784314 0.00784314 0.00784314 1;
0.00784314 0.00784314 0.00784314 1;
0.00784314 0.00784314 0.00784314 1;
0.0117647 0.0117647 0.0117647 1;
0.0117647 0.0117647 0.0117647 1;
0.0117647 0.0117647 0.0117647 1;
0.0117647 0.0117647 0.0117647 1;
0.0117647 0.0117647 0.0117647 1;
0.0117647 0.0117647 0.0117647 1;
0.0117647 0.0117647 0.0117647 1;
0.0117647 0.0117647 0.0117647 1;
0.0117647 0.0117647 0.0117647 1;
0.0117647 0.0117647 0.0117647 1;
0.0117647 0.0117647 0.0117647 1;
0.0117647 0.0117647 0.0117647 1;
0.0117647 0.0117647 0.0117647 1;
0.0117647 0.0117647 0.0117647 1;
0.0117647 0.0117647 0.0117647 1;
0.0117647 0.0117647 0.0117647 1;
0.0117647 0.0117647 0.0117647 1;
0.0117647 0.0117647 0.0117647 1;
0.0117647 0.0117647 0.0117647 1;
0.0156863 0.0156863 0.0156863 1;
0.0156863 0.0156863 0.0156863 1;
0.0117647 0.0117647 0.0117647 1;
0.0117647 0.0117647 0.0117647 1;
0.0117647 0.0117647 0.0117647 1;
0.0117647 0.0117647 0.0117647 1;
0.0117647 0.0117647 0.0117647 1;
0.0117647 0.0117647 0.0117647 1;
0.0117647 0.0117647 0.0117647 1;
0.0117647 0.0117647 0.0117647 1;
0.0117647 0.0117647 0.0117647 1;
0.0117647 0.0117647 0.0117647 1;
0.0117647 0.0117647 0.0117647 1;
0.0117647 0.0117647 0.0117647 1;
0.00784314 0.00784314 0.00784314 1;
0.00784314 0.00784314 0.00784314 1;
0.00784314 0.00784314 0.00784314 1;
0.00784314 0.00784314 0.00784314 1;
0.00784314 0.00784314 0.00784314 1;
0.00784314 0.00784314 0.00784314 1;
0.00784314 0.00784314 0.00784314 1;
0.00784314 0.00784314 0.00784314 1;
0.00784314 0.00784314 0.00784314 1;
0.00392157 0.00392157 0.00392157 1;
0.00392157 0.00392157 0.00392157 1;
0.00392157 0.00392157 0.00392157 1;
0.00392157 0.00392157 0.00392157 1;
0.00392157 0.00392157 0.00392157 1;
0.00392157 0.00392157 0.00392157 1;
0.00392157 0.00392157 0.00392157 1;
0.00392157 0.00392157 0.00392157 1;
0.00392157 0.00392157 0.00392157 1;
0.00392157 0.00392157 0.00392157 1;
0.00392157 0.00392157 0.00392157 1;
0.00392157 0.00392157 0.00392157 1;
0.00392157 0.00392157 0.00392157 1;
0.00392157 0.00392157 0.00392157 1;
0.00392157 0.00392157 0.00392157 1;
0.00392157 0.00392157 0.00392157 1;
0.00392157 0.00392157 0.00392157 1;
0 0 0 1;
0 0 0 1;
0 0 0 1;
0 0 0 1;
0 0 0 1;
0 0 0 1;
0 0 0 1;
0 0 0 1;
0 0 0 1;
0 0 0 1;
0 0 0 1;
0 0 0 1;
0 0 0 1;
0 0 0 1;
0 0 0 1;
0 0 0 1;
0 0 0 1;
0 0 0 1;
0 0 0 1;
0 0 0 1;
0 0 0 1;
0 0 0 1;
0 0 0 1;
0 0 0 1;
0 0 0 1;
0 0 0 1;
0 0 0 1;
0 0 0 1;
0 0 0 1;
0 0 0 1;
0 0 0 1;
0 0 0 1;
0 0 0 1;
0 0 0 1;
0 0 0 1;
0 0 0 1;
0 0 0 1;
0 0 0 1;
0 0 0 1;
0 0 0 1;
0 0 0 1;
0 0 0 1;
0 0 0 1;
0 0 0 1;
0 0 0 1;
0 0 0 1;
0 0 0 1;
0 0 0 1;
0 0 0 1;
0 0 0 1;
0 0 0 1;
0 0 0 1;
0 0 0 1;
0 0 0 1;
0 0 0 1;
0 0 0 1;
0 0 0 1;
0 0 0 1;
0 0 0 1;
0 0 0 1;
0 0 0 1;
0 0 0 1;
0 0 0 1;
0 0 0 1;
0 0 0 1;
0 0 0 1;
0 0 0 1;
0 0 0 1;
0 0 0 1;
0 0 0 1;
0 0 0 1;
0 0 0 1;
0 0 0 1;
0 0 0 1;
0 0 0 1;
0 0 0 1;
0 0 0 1;
0 0 0 1;
0 0 0 1;
0 0 0 1;
0 0 0 1;
0 0 0 1;
0 0 0 1;
0 0 0 1;
0 0 0 1;
0 0 0 1;
0 0 0 1;
